+3.4715922101486997e-04 +3.4785484513745302e-01 +9.6717862556382499e-34 +0.0000000000000000e+00
+1.6500473910378601e-03 +6.5214515486254598e-01 +1.2170530379585723e-33 +0.0000000000000000e+00
+3.3499526089621401e-03 +6.5214515486254598e-01 +6.7308983082305016e-34 +0.0000000000000000e+00
+4.6528407789851300e-03 +3.4785484513745302e-01 -6.7379164004968260e-34 +0.0000000000000000e+00

+5.3471592210148702e-03 +3.4785484513745302e-01 +2.1865344061147209e-32 +0.0000000000000000e+00
+6.6500473910378602e-03 +6.5214515486254598e-01 +9.6231590684253476e-33 +0.0000000000000000e+00
+8.3499526089621402e-03 +6.5214515486254598e-01 -1.8948140120289700e-32 +0.0000000000000000e+00
+9.6528407789851292e-03 +3.4785484513745302e-01 -3.8493318780805296e-32 +0.0000000000000000e+00

+1.0347159221014869e-02 +3.4785484513745302e-01 -2.5530048280101167e-31 +0.0000000000000000e+00
+1.1650047391037859e-02 +6.5214515486254598e-01 -1.5932800602228849e-31 +0.0000000000000000e+00
+1.3349952608962139e-02 +6.5214515486254598e-01 +1.2434012041476239e-31 +0.0000000000000000e+00
+1.4652840778985130e-02 +3.4785484513745302e-01 +3.6795203274719440e-31 +0.0000000000000000e+00

+1.5347159221014870e-02 +3.4785484513745302e-01 +1.3201248040378652e-30 +0.0000000000000000e+00
+1.6650047391037859e-02 +6.5214515486254598e-01 +1.0176273965573280e-30 +0.0000000000000000e+00
+1.8349952608962140e-02 +6.5214515486254598e-01 -2.3680305901125144e-31 +0.0000000000000000e+00
+1.9652840778985131e-02 +3.4785484513745302e-01 -1.5395483125532018e-30 +0.0000000000000000e+00

+2.0347159221014870e-02 +3.4785484513745302e-01 -7.8777632220620646e-31 +0.0000000000000000e+00
+2.1650047391037860e-02 +6.5214515486254598e-01 -2.1928216134956538e-30 +0.0000000000000000e+00
+2.3349952608962141e-02 +6.5214515486254598e-01 -3.1950774468566634e-30 +0.0000000000000000e+00
+2.4652840778985132e-02 +3.4785484513745302e-01 -2.1097223055235676e-30 +0.0000000000000000e+00

+2.5347159221014871e-02 +3.4785484513745302e-01 -4.6545334523162051e-29 +0.0000000000000000e+00
+2.6650047391037858e-02 +6.5214515486254598e-01 -2.2547283085712079e-29 +0.0000000000000000e+00
+2.8349952608962139e-02 +6.5214515486254598e-01 +3.6514771551348728e-29 +0.0000000000000000e+00
+2.9652840778985130e-02 +3.4785484513745302e-01 +8.0146776175883164e-29 +0.0000000000000000e+00

+3.0347159221014872e-02 +3.4785484513745302e-01 +4.1934305536478176e-28 +0.0000000000000000e+00
+3.1650047391037855e-02 +6.5214515486254598e-01 +2.7662706753522162e-28 +0.0000000000000000e+00
+3.3349952608962140e-02 +6.5214515486254598e-01 -1.7388031565133174e-28 +0.0000000000000000e+00
+3.4652840778985138e-02 +3.4785484513745302e-01 -5.8054236903013176e-28 +0.0000000000000000e+00

+3.5347159221014876e-02 +3.4785484513745302e-01 -1.6790586127767190e-27 +0.0000000000000000e+00
+3.6650047391037860e-02 +6.5214515486254598e-01 -1.4325534288027096e-27 +0.0000000000000000e+00
+3.8349952608962137e-02 +6.5214515486254598e-01 +2.0024273993132893e-30 +0.0000000000000000e+00
+3.9652840778985128e-02 +3.4785484513745302e-01 +1.6716109927838144e-27 +0.0000000000000000e+00

+4.0347159221014867e-02 +3.4785484513745302e-01 -1.7660866915491426e-27 +0.0000000000000000e+00
+4.1650047391037857e-02 +6.5214515486254598e-01 +1.4639733648908726e-27 +0.0000000000000000e+00
+4.3349952608962142e-02 +6.5214515486254598e-01 +6.3962267541289103e-27 +0.0000000000000000e+00
+4.4652840778985133e-02 +3.4785484513745302e-01 +7.8933839196686771e-27 +0.0000000000000000e+00

+4.5347159221014871e-02 +3.4785484513745302e-01 +7.2536601761794058e-26 +0.0000000000000000e+00
+4.6650047391037862e-02 +6.5214515486254598e-01 +3.9075904346587215e-26 +0.0000000000000000e+00
+4.8349952608962139e-02 +6.5214515486254598e-01 -4.9248186404332330e-26 +0.0000000000000000e+00
+4.9652840778985130e-02 +3.4785484513745302e-01 -1.1964876784330323e-25 +0.0000000000000000e+00

+5.0347159221014876e-02 +3.4785484513745302e-01 -4.9645536306086505e-25 +0.0000000000000000e+00
+5.1650047391037859e-02 +6.5214515486254598e-01 -3.5339226673278280e-25 +0.0000000000000000e+00
+5.3349952608962144e-02 +6.5214515486254598e-01 +1.5096333339798038e-25 +0.0000000000000000e+00
+5.4652840778985128e-02 +3.4785484513745302e-01 +6.3828752983123928e-25 +0.0000000000000000e+00

+5.5347159221014866e-02 +3.4785484513745302e-01 +1.3627602457155335e-24 +0.0000000000000000e+00
+5.6650047391037864e-02 +6.5214515486254598e-01 +1.3971150350754604e-24 +0.0000000000000000e+00
+5.8349952608962141e-02 +6.5214515486254598e-01 +5.2013976490552657e-25 +0.0000000000000000e+00
+5.9652840778985132e-02 +3.4785484513745302e-01 -8.2125914203001613e-25 +0.0000000000000000e+00

+6.0347159221014871e-02 +3.4785484513745302e-01 +5.6084168215840657e-24 +0.0000000000000000e+00
+6.1650047391037854e-02 +6.5214515486254598e-01 +8.6336417762889885e-25 +0.0000000000000000e+00
+6.3349952608962146e-02 +6.5214515486254598e-01 -8.5873099988243526e-24 +0.0000000000000000e+00
+6.4652840778985129e-02 +3.4785484513745302e-01 -1.4166909075206473e-23 +0.0000000000000000e+00

+6.5347159221014875e-02 +3.4785484513745302e-01 -8.1939141032386983e-23 +0.0000000000000000e+00
+6.6650047391037859e-02 +6.5214515486254598e-01 -4.9402012699911586e-23 +0.0000000000000000e+00
+6.8349952608962150e-02 +6.5214515486254598e-01 +4.4642740002254938e-23 +0.0000000000000000e+00
+6.9652840778985134e-02 +3.4785484513745302e-01 +1.2572525128643036e-22 +0.0000000000000000e+00

+7.0347159221014879e-02 +3.4785484513745302e-01 +4.1466306827169749e-22 +0.0000000000000000e+00
+7.1650047391037863e-02 +6.5214515486254598e-01 +3.2822402174381012e-22 +0.0000000000000000e+00
+7.3349952608962141e-02 +6.5214515486254598e-01 -5.2627681979936573e-23 +0.0000000000000000e+00
+7.4652840778985124e-02 +3.4785484513745302e-01 -4.5886346948328447e-22 +0.0000000000000000e+00

+7.5347159221014870e-02 +3.4785484513745302e-01 -5.4726533352867467e-22 +0.0000000000000000e+00
+7.6650047391037868e-02 +6.5214515486254598e-01 -8.8151667315074328e-22 +0.0000000000000000e+00
+7.8349952608962131e-02 +6.5214515486254598e-01 -9.3117762146310284e-22 +0.0000000000000000e+00
+7.9652840778985129e-02 +3.4785484513745302e-01 -4.3818617506483310e-22 +0.0000000000000000e+00

+8.0347159221014874e-02 +3.4785484513745302e-01 -7.6250610088907709e-21 +0.0000000000000000e+00
+8.1650047391037858e-02 +6.5214515486254598e-01 -3.0483984816431192e-21 +0.0000000000000000e+00
+8.3349952608962150e-02 +6.5214515486254598e-01 +7.6523073746279038e-21 +0.0000000000000000e+00
+8.4652840778985133e-02 +3.4785484513745302e-01 +1.5473158162985724e-20 +0.0000000000000000e+00

+8.5347159221014865e-02 +3.4785484513745302e-01 +6.5035077479519531e-20 +0.0000000000000000e+00
+8.6650047391037863e-02 +6.5214515486254598e-01 +4.4128787842429014e-20 +0.0000000000000000e+00
+8.8349952608962140e-02 +6.5214515486254598e-01 -2.4652908369133616e-20 +0.0000000000000000e+00
+8.9652840778985138e-02 +3.4785484513745302e-01 -8.9314656964218660e-20 +0.0000000000000000e+00

+9.0347159221014869e-02 +3.4785484513745302e-01 -2.2855986003712326e-19 +0.0000000000000000e+00
+9.1650047391037853e-02 +6.5214515486254598e-01 -2.1203297245305907e-19 +0.0000000000000000e+00
+9.3349952608962131e-02 +6.5214515486254598e-01 -4.2240851596711227e-20 +0.0000000000000000e+00
+9.4652840778985128e-02 +3.4785484513745302e-01 +1.7547767351332707e-19 +0.0000000000000000e+00

+9.5347159221014874e-02 +3.4785484513745302e-01 -1.3838828269746030e-19 +0.0000000000000000e+00
+9.6650047391037858e-02 +6.5214515486254598e-01 +2.6804455416433595e-19 +0.0000000000000000e+00
+9.8349952608962149e-02 +6.5214515486254598e-01 +8.7509296834280562e-19 +0.0000000000000000e+00
+9.9652840778985133e-02 +3.4785484513745302e-01 +1.0847906069474476e-18 +0.0000000000000000e+00

+1.0034715922101488e-01 +3.4785484513745302e-01 +6.1685410421632395e-18 +0.0000000000000000e+00
+1.0165004739103786e-01 +6.5214515486254598e-01 +3.3463995117000915e-18 +0.0000000000000000e+00
+1.0334995260896214e-01 +6.5214515486254598e-01 -4.2651301772460750e-18 +0.0000000000000000e+00
+1.0465284077898512e-01 +3.4785484513745302e-01 -1.0641380880971656e-17 +0.0000000000000000e+00

+1.0534715922101487e-01 +3.4785484513745302e-01 -3.4140135309063598e-17 +0.0000000000000000e+00
+1.0665004739103787e-01 +6.5214515486254598e-01 -2.6694205086505300e-17 +0.0000000000000000e+00
+1.0834995260896214e-01 +6.5214515486254598e-01 +4.8681997211831027e-18 +0.0000000000000000e+00
+1.0965284077898513e-01 +3.4785484513745302e-01 +3.8236029598307016e-17 +0.0000000000000000e+00

+1.1034715922101486e-01 +3.4785484513745302e-01 +6.8527938882428289e-17 +0.0000000000000000e+00
+1.1165004739103787e-01 +6.5214515486254598e-01 +8.6314833110830008e-17 +0.0000000000000000e+00
+1.1334995260896213e-01 +6.5214515486254598e-01 +6.6046836537901208e-17 +0.0000000000000000e+00
+1.1465284077898515e-01 +3.4785484513745302e-01 +9.0034380780365791e-18 +0.0000000000000000e+00

+1.1534715922101488e-01 +3.4785484513745302e-01 +3.0589151264934927e-16 +0.0000000000000000e+00
+1.1665004739103785e-01 +6.5214515486254598e-01 +5.7876224462099740e-17 +0.0000000000000000e+00
+1.1834995260896214e-01 +6.5214515486254598e-01 -4.6190940030618310e-16 +0.0000000000000000e+00
+1.1965284077898512e-01 +3.4785484513745302e-01 -8.1511894994690050e-16 +0.0000000000000000e+00

+1.2034715922101487e-01 +3.4785484513745302e-01 -2.9941278076117252e-15 +0.0000000000000000e+00
+1.2165004739103785e-01 +6.5214515486254598e-01 -2.0100831804233193e-15 +0.0000000000000000e+00
+1.2334995260896214e-01 +6.5214515486254598e-01 +1.1934878550708561e-15 +0.0000000000000000e+00
+1.2465284077898513e-01 +3.4785484513745302e-01 +4.2407904488181609e-15 +0.0000000000000000e+00

+1.2534715922101486e-01 +3.4785484513745302e-01 +1.1025650138777039e-14 +0.0000000000000000e+00
+1.2665004739103786e-01 +6.5214515486254598e-01 +1.0321421919983306e-14 +0.0000000000000000e+00
+1.2834995260896215e-01 +6.5214515486254598e-01 +2.5379003636170937e-15 +0.0000000000000000e+00
+1.2965284077898515e-01 +3.4785484513745302e-01 -7.4078629275997013e-15 +0.0000000000000000e+00

+1.3034715922101486e-01 +3.4785484513745302e-01 -4.0290985983291399e-15 +0.0000000000000000e+00
+1.3165004739103786e-01 +6.5214515486254598e-01 -1.8021223798340002e-14 +0.0000000000000000e+00
+1.3334995260896215e-01 +6.5214515486254598e-01 -3.4313572860288614e-14 +0.0000000000000000e+00
+1.3465284077898512e-01 +3.4785484513745302e-01 -3.6499161244292358e-14 +0.0000000000000000e+00

+1.3534715922101487e-01 +3.4785484513745302e-01 -1.6914510346975695e-13 +0.0000000000000000e+00
+1.3665004739103787e-01 +6.5214515486254598e-01 -8.7017194550126899e-14 +0.0000000000000000e+00
+1.3834995260896216e-01 +6.5214515486254598e-01 +1.2493531693798142e-13 +0.0000000000000000e+00
+1.3965284077898515e-01 +3.4785484513745302e-01 +2.9837234352999142e-13 +0.0000000000000000e+00

+1.4034715922101490e-01 +3.4785484513745302e-01 +8.9614976087184616e-13 +0.0000000000000000e+00
+1.4165004739103787e-01 +6.5214515486254598e-01 +6.9980657693064254e-13 +0.0000000000000000e+00
+1.4334995260896213e-01 +6.5214515486254598e-01 -1.4691942134814720e-13 +0.0000000000000000e+00
+1.4465284077898510e-01 +3.4785484513745302e-01 -1.0667198534490282e-12 +0.0000000000000000e+00

+1.4534715922101485e-01 +3.4785484513745302e-01 -2.5784719149219803e-12 +0.0000000000000000e+00
+1.4665004739103785e-01 +6.5214515486254598e-01 -2.8807846766472066e-12 +0.0000000000000000e+00
+1.4834995260896214e-01 +6.5214515486254598e-01 -1.8667365489444971e-12 +0.0000000000000000e+00
+1.4965284077898514e-01 +3.4785484513745302e-01 -9.5803261765122572e-14 +0.0000000000000000e+00

+1.5034715922101485e-01 +3.4785484513745302e-01 -7.5473193131236318e-12 +0.0000000000000000e+00
+1.5165004739103785e-01 +6.5214515486254598e-01 -1.9057867355242139e-12 +0.0000000000000000e+00
+1.5334995260896214e-01 +6.5214515486254598e-01 +1.0263076738947661e-11 +0.0000000000000000e+00
+1.5465284077898514e-01 +3.4785484513745302e-01 +1.8043012893638630e-11 +0.0000000000000000e+00

+1.5534715922101489e-01 +3.4785484513745302e-01 +5.8888988169926563e-11 +0.0000000000000000e+00
+1.5665004739103788e-01 +6.5214515486254598e-01 +3.8084629119162045e-11 +0.0000000000000000e+00
+1.5834995260896215e-01 +6.5214515486254598e-01 -2.1853592641076096e-11 +0.0000000000000000e+00
+1.5965284077898512e-01 +3.4785484513745302e-01 -8.1313969477960078e-11 +0.0000000000000000e+00

+1.6034715922101486e-01 +3.4785484513745302e-01 -1.4573997357674867e-10 +0.0000000000000000e+00
+1.6165004739103786e-01 +6.5214515486254598e-01 -1.4564099449462104e-10 +0.0000000000000000e+00
+1.6334995260896215e-01 +6.5214515486254598e-01 +1.6592731866168880e-11 +0.0000000000000000e+00
+1.6465284077898515e-01 +3.4785484513745302e-01 +3.2972617579664651e-10 +0.0000000000000000e+00

+1.6534715922101489e-01 +3.4785484513745302e-01 +6.4975880005389699e-10 +0.0000000000000000e+00
+1.6665004739103786e-01 +6.5214515486254598e-01 +1.3271710729493887e-09 +0.0000000000000000e+00
+1.6834995260896216e-01 +6.5214515486254598e-01 +2.6135380355431943e-09 +0.0000000000000000e+00
+1.6965284077898513e-01 +3.4785484513745302e-01 +3.9567432119145965e-09 +0.0000000000000000e+00

+1.7034715922101487e-01 +3.4785484513745302e-01 +3.0597850805699022e-08 +0.0000000000000000e+00
+1.7165004739103790e-01 +6.5214515486254598e-01 +5.8737680168432637e-08 +0.0000000000000000e+00
+1.7334995260896216e-01 +6.5214515486254598e-01 +1.1151401405634298e-07 +0.0000000000000000e+00
+1.7465284077898516e-01 +3.4785484513745302e-01 +1.6616834598445493e-07 +0.0000000000000000e+00

+1.7534715922101488e-01 +3.4785484513745302e-01 +1.0467632652615021e-06 +0.0000000000000000e+00
+1.7665004739103787e-01 +6.5214515486254598e-01 +1.9846135590015270e-06 +0.0000000000000000e+00
+1.7834995260896214e-01 +6.5214515486254598e-01 +3.7408076665087050e-06 +0.0000000000000000e+00
+1.7965284077898513e-01 +3.4785484513745302e-01 +5.5581544629609730e-06 +0.0000000000000000e+00

+1.8034715922101488e-01 +3.4785484513745302e-01 +2.8332974912553717e-05 +0.0000000000000000e+00
+1.8165004739103785e-01 +6.5214515486254598e-01 +5.2910208903526591e-05 +0.0000000000000000e+00
+1.8334995260896214e-01 +6.5214515486254598e-01 +9.8864366423758951e-05 +0.0000000000000000e+00
+1.8465284077898511e-01 +3.4785484513745302e-01 +1.4640288568435326e-04 +0.0000000000000000e+00

+1.8534715922101486e-01 +3.4785484513745302e-01 +5.9220805060324186e-04 +0.0000000000000000e+00
+1.8665004739103785e-01 +6.5214515486254598e-01 +1.0830957652660509e-03 +0.0000000000000000e+00
+1.8834995260896215e-01 +6.5214515486254598e-01 +2.0001067311801284e-03 +0.0000000000000000e+00
+1.8965284077898514e-01 +3.4785484513745302e-01 +2.9495232777601191e-03 +0.0000000000000000e+00

+1.9034715922101489e-01 +3.4785484513745302e-01 +9.0981708164835553e-03 +0.0000000000000000e+00
+1.9165004739103786e-01 +6.5214515486254598e-01 +1.6192130082588536e-02 +0.0000000000000000e+00
+1.9334995260896215e-01 +6.5214515486254598e-01 +3.0848326636469574e-02 +0.0000000000000000e+00
+1.9465284077898512e-01 +3.4785484513745302e-01 +4.7401423420802467e-02 +0.0000000000000000e+00

+1.9534715922101487e-01 +3.4785484513745302e-01 +1.0661742201894897e-01 +0.0000000000000000e+00
+1.9665004739103786e-01 +6.5214515486254598e-01 +1.7697375665755688e-01 +0.0000000000000000e+00
+1.9834995260896215e-01 +6.5214515486254598e-01 +3.0258517345405511e-01 +0.0000000000000000e+00
+1.9965284077898515e-01 +3.4785484513745302e-01 +4.2350927653664205e-01 +0.0000000000000000e+00

+2.0034715922101487e-01 +3.4785484513745302e-01 +5.8518620627110496e-01 +1.0000000000000000e+00
+2.0165004739103787e-01 +6.5214515486254598e-01 +7.0523488885087116e-01 +1.0000000000000000e+00
+2.0334995260896216e-01 +6.5214515486254598e-01 +8.2788058745162629e-01 +1.0000000000000000e+00
+2.0465284077898516e-01 +3.4785484513745302e-01 +8.9492401104251984e-01 +1.0000000000000000e+00

+2.0534715922101490e-01 +3.4785484513745302e-01 +9.4521824841062463e-01 +1.0000000000000000e+00
+2.0665004739103787e-01 +6.5214515486254598e-01 +9.6397363464611896e-01 +1.0000000000000000e+00
+2.0834995260896214e-01 +6.5214515486254598e-01 +9.8045597391537487e-01 +1.0000000000000000e+00
+2.0965284077898511e-01 +3.4785484513745302e-01 +9.8838745158282892e-01 +1.0000000000000000e+00

+2.1034715922101485e-01 +3.4785484513745302e-01 +9.9484754445114665e-01 +1.0000000000000000e+00
+2.1165004739103785e-01 +6.5214515486254598e-01 +9.9643777322704907e-01 +1.0000000000000000e+00
+2.1334995260896214e-01 +6.5214515486254598e-01 +9.9797306609175662e-01 +1.0000000000000000e+00
+2.1465284077898514e-01 +3.4785484513745302e-01 +9.9880056336760448e-01 +1.0000000000000000e+00

+2.1534715922101488e-01 +3.4785484513745302e-01 +9.9948901534778778e-01 +1.0000000000000000e+00
+2.1665004739103788e-01 +6.5214515486254598e-01 +9.9964881336032907e-01 +1.0000000000000000e+00
+2.1834995260896214e-01 +6.5214515486254598e-01 +9.9980253669053021e-01 +1.0000000000000000e+00
+2.1965284077898511e-01 +3.4785484513745302e-01 +9.9988496680050010e-01 +1.0000000000000000e+00

+2.2034715922101486e-01 +3.4785484513745302e-01 +9.9995467290659956e-01 +1.0000000000000000e+00
+2.2165004739103789e-01 +6.5214515486254598e-01 +9.9996898868021344e-01 +1.0000000000000000e+00
+2.2334995260896218e-01 +6.5214515486254598e-01 +9.9998278070922864e-01 +1.0000000000000000e+00
+2.2465284077898515e-01 +3.4785484513745302e-01 +9.9999017246894395e-01 +1.0000000000000000e+00

+2.2534715922101486e-01 +3.4785484513745302e-01 +9.9999659232223959e-01 +1.0000000000000000e+00
+2.2665004739103789e-01 +6.5214515486254598e-01 +9.9999767085942504e-01 +1.0000000000000000e+00
+2.2834995260896213e-01 +6.5214515486254598e-01 +9.9999871444342447e-01 +1.0000000000000000e+00
+2.2965284077898515e-01 +3.4785484513745302e-01 +9.9999927554156998e-01 +1.0000000000000000e+00

+2.3034715922101490e-01 +3.4785484513745302e-01 +9.9999976848520733e-01 +1.0000000000000000e+00
+2.3165004739103787e-01 +6.5214515486254598e-01 +9.9999984394073704e-01 +1.0000000000000000e+00
+2.3334995260896213e-01 +6.5214515486254598e-01 +9.9999991643012653e-01 +1.0000000000000000e+00
+2.3465284077898513e-01 +3.4785484513745302e-01 +9.9999995492261651e-01 +1.0000000000000000e+00

+2.3534715922101487e-01 +3.4785484513745302e-01 +9.9999999045691179e-01 +1.0000000000000000e+00
+2.3665004739103784e-01 +6.5214515486254598e-01 +9.9999999329053857e-01 +1.0000000000000000e+00
+2.3834995260896213e-01 +6.5214515486254598e-01 +9.9999999818163532e-01 +1.0000000000000000e+00
+2.3965284077898513e-01 +3.4785484513745302e-01 +9.9999999892345071e-01 +1.0000000000000000e+00

+2.4034715922101488e-01 +3.4785484513745302e-01 +9.9999999793881067e-01 +1.0000000000000000e+00
+2.4165004739103785e-01 +6.5214515486254598e-01 +9.9999999843306964e-01 +1.0000000000000000e+00
+2.4334995260896214e-01 +6.5214515486254598e-01 +9.9999999903567960e-01 +1.0000000000000000e+00
+2.4465284077898511e-01 +3.4785484513745302e-01 +9.9999999941791740e-01 +1.0000000000000000e+00

+2.4534715922101485e-01 +3.4785484513745302e-01 +9.9999999954031615e-01 +1.0000000000000000e+00
+2.4665004739103785e-01 +6.5214515486254598e-01 +9.9999999979860310e-01 +1.0000000000000000e+00
+2.4834995260896214e-01 +6.5214515486254598e-01 +9.9999999998444733e-01 +1.0000000000000000e+00
+2.4965284077898514e-01 +3.4785484513745302e-01 +1.0000000000369389e+00 +1.0000000000000000e+00

+2.5034715922101486e-01 +3.4785484513745302e-01 +1.0000000002139626e+00 +1.0000000000000000e+00
+2.5165004739103786e-01 +6.5214515486254598e-01 +1.0000000002482974e+00 +1.0000000000000000e+00
+2.5334995260896215e-01 +6.5214515486254598e-01 +1.0000000002187834e+00 +1.0000000000000000e+00
+2.5465284077898515e-01 +3.4785484513745302e-01 +1.0000000001544578e+00 +1.0000000000000000e+00

+2.5534715922101486e-01 +3.4785484513745302e-01 +1.0000000000446061e+00 +1.0000000000000000e+00
+2.5665004739103786e-01 +6.5214515486254598e-01 +9.9999999999581357e-01 +1.0000000000000000e+00
+2.5834995260896215e-01 +6.5214515486254598e-01 +9.9999999996444588e-01 +1.0000000000000000e+00
+2.5965284077898515e-01 +3.4785484513745302e-01 +9.9999999996103117e-01 +1.0000000000000000e+00

+2.6034715922101487e-01 +3.4785484513745302e-01 +9.9999999997159317e-01 +1.0000000000000000e+00
+2.6165004739103787e-01 +6.5214515486254598e-01 +9.9999999998358569e-01 +1.0000000000000000e+00
+2.6334995260896216e-01 +6.5214515486254598e-01 +9.9999999999806544e-01 +1.0000000000000000e+00
+2.6465284077898515e-01 +3.4785484513745302e-01 +1.0000000000072811e+00 +1.0000000000000000e+00

+2.6534715922101487e-01 +3.4785484513745302e-01 +1.0000000000186589e+00 +1.0000000000000000e+00
+2.6665004739103787e-01 +6.5214515486254598e-01 +1.0000000000218485e+00 +1.0000000000000000e+00
+2.6834995260896216e-01 +6.5214515486254598e-01 +1.0000000000073137e+00 +1.0000000000000000e+00
+2.6965284077898516e-01 +3.4785484513745302e-01 +1.0000000000034459e+00 +1.0000000000000000e+00

+2.7034715922101488e-01 +3.4785484513745302e-01 +1.0000000000048523e+00 +1.0000000000000000e+00
+2.7165004739103787e-01 +6.5214515486254598e-01 +1.0000000000008951e+00 +1.0000000000000000e+00
+2.7334995260896217e-01 +6.5214515486254598e-01 +9.9999999999620492e-01 +1.0000000000000000e+00
+2.7465284077898516e-01 +3.4785484513745302e-01 +9.9999999999480271e-01 +1.0000000000000000e+00

+2.7534715922101488e-01 +3.4785484513745302e-01 +9.9999999999810940e-01 +1.0000000000000000e+00
+2.7665004739103788e-01 +6.5214515486254598e-01 +9.9999999999848699e-01 +1.0000000000000000e+00
+2.7834995260896217e-01 +6.5214515486254598e-01 +9.9999999999914646e-01 +1.0000000000000000e+00
+2.7965284077898517e-01 +3.4785484513745302e-01 +9.9999999999950118e-01 +1.0000000000000000e+00

+2.8034715922101489e-01 +3.4785484513745302e-01 +9.9999999999946287e-01 +1.0000000000000000e+00
+2.8165004739103788e-01 +6.5214515486254598e-01 +9.9999999999965616e-01 +1.0000000000000000e+00
+2.8334995260896217e-01 +6.5214515486254598e-01 +9.9999999999982669e-01 +1.0000000000000000e+00
+2.8465284077898517e-01 +3.4785484513745302e-01 +9.9999999999990608e-01 +1.0000000000000000e+00

+2.8534715922101495e-01 +3.4785484513745302e-01 +9.9999999999993083e-01 +1.0000000000000000e+00
+2.8665004739103789e-01 +6.5214515486254598e-01 +9.9999999999996292e-01 +1.0000000000000000e+00
+2.8834995260896212e-01 +6.5214515486254598e-01 +9.9999999999997025e-01 +1.0000000000000000e+00
+2.8965284077898507e-01 +3.4785484513745302e-01 +9.9999999999995914e-01 +1.0000000000000000e+00

+2.9034715922101484e-01 +3.4785484513745302e-01 +9.9999999999991940e-01 +1.0000000000000000e+00
+2.9165004739103784e-01 +6.5214515486254598e-01 +9.9999999999991218e-01 +1.0000000000000000e+00
+2.9334995260896213e-01 +6.5214515486254598e-01 +9.9999999999990041e-01 +1.0000000000000000e+00
+2.9465284077898513e-01 +3.4785484513745302e-01 +9.9999999999989120e-01 +1.0000000000000000e+00

+2.9534715922101484e-01 +3.4785484513745302e-01 +9.9999999999993550e-01 +1.0000000000000000e+00
+2.9665004739103784e-01 +6.5214515486254598e-01 +9.9999999999994771e-01 +1.0000000000000000e+00
+2.9834995260896213e-01 +6.5214515486254598e-01 +9.9999999999996025e-01 +1.0000000000000000e+00
+2.9965284077898513e-01 +3.4785484513745302e-01 +9.9999999999996392e-01 +1.0000000000000000e+00

+3.0034715922101485e-01 +3.4785484513745302e-01 +9.9999999999995814e-01 +1.0000000000000000e+00
+3.0165004739103785e-01 +6.5214515486254598e-01 +9.9999999999995770e-01 +1.0000000000000000e+00
+3.0334995260896214e-01 +6.5214515486254598e-01 +9.9999999999995504e-01 +1.0000000000000000e+00
+3.0465284077898513e-01 +3.4785484513745302e-01 +9.9999999999995259e-01 +1.0000000000000000e+00

+3.0534715922101485e-01 +3.4785484513745302e-01 +9.9999999999995126e-01 +1.0000000000000000e+00
+3.0665004739103785e-01 +6.5214515486254598e-01 +9.9999999999994837e-01 +1.0000000000000000e+00
+3.0834995260896214e-01 +6.5214515486254598e-01 +9.9999999999994571e-01 +1.0000000000000000e+00
+3.0965284077898514e-01 +3.4785484513745302e-01 +9.9999999999994404e-01 +1.0000000000000000e+00

+3.1034715922101491e-01 +3.4785484513745302e-01 +9.9999999999994382e-01 +1.0000000000000000e+00
+3.1165004739103785e-01 +6.5214515486254598e-01 +9.9999999999994327e-01 +1.0000000000000000e+00
+3.1334995260896215e-01 +6.5214515486254598e-01 +9.9999999999994427e-01 +1.0000000000000000e+00
+3.1465284077898509e-01 +3.4785484513745302e-01 +9.9999999999994649e-01 +1.0000000000000000e+00

+3.1534715922101486e-01 +3.4785484513745302e-01 +9.9999999999994604e-01 +1.0000000000000000e+00
+3.1665004739103786e-01 +6.5214515486254598e-01 +9.9999999999994826e-01 +1.0000000000000000e+00
+3.1834995260896215e-01 +6.5214515486254598e-01 +9.9999999999995226e-01 +1.0000000000000000e+00
+3.1965284077898515e-01 +3.4785484513745302e-01 +9.9999999999995426e-01 +1.0000000000000000e+00

+3.2034715922101487e-01 +3.4785484513745302e-01 +9.9999999999993439e-01 +1.0000000000000000e+00
+3.2165004739103786e-01 +6.5214515486254598e-01 +9.9999999999994138e-01 +1.0000000000000000e+00
+3.2334995260896215e-01 +6.5214515486254598e-01 +9.9999999999994471e-01 +1.0000000000000000e+00
+3.2465284077898515e-01 +3.4785484513745302e-01 +9.9999999999993461e-01 +1.0000000000000000e+00

+3.2534715922101487e-01 +3.4785484513745302e-01 +1.0000000000002442e+00 +1.0000000000000000e+00
+3.2665004739103787e-01 +6.5214515486254598e-01 +1.0000000000000910e+00 +1.0000000000000000e+00
+3.2834995260896216e-01 +6.5214515486254598e-01 +9.9999999999971800e-01 +1.0000000000000000e+00
+3.2965284077898516e-01 +3.4785484513745302e-01 +9.9999999999949352e-01 +1.0000000000000000e+00

+3.3034715922101487e-01 +3.4785484513745302e-01 +9.9999999999938560e-01 +1.0000000000000000e+00
+3.3165004739103787e-01 +6.5214515486254598e-01 +9.9999999999921696e-01 +1.0000000000000000e+00
+3.3334995260896216e-01 +6.5214515486254598e-01 +9.9999999999989231e-01 +1.0000000000000000e+00
+3.3465284077898516e-01 +3.4785484513745302e-01 +1.0000000000014233e+00 +1.0000000000000000e+00

+3.3534715922101493e-01 +3.4785484513745302e-01 +1.0000000000046663e+00 +1.0000000000000000e+00
+3.3665004739103788e-01 +6.5214515486254598e-01 +1.0000000000044480e+00 +1.0000000000000000e+00
+3.3834995260896217e-01 +6.5214515486254598e-01 +9.9999999999981282e-01 +1.0000000000000000e+00
+3.3965284077898511e-01 +3.4785484513745302e-01 +9.9999999999238698e-01 +1.0000000000000000e+00

+3.4034715922101488e-01 +3.4785484513745302e-01 +9.9999999997975331e-01 +1.0000000000000000e+00
+3.4165004739103788e-01 +6.5214515486254598e-01 +9.9999999996207811e-01 +1.0000000000000000e+00
+3.4334995260896217e-01 +6.5214515486254598e-01 +9.9999999994650723e-01 +1.0000000000000000e+00
+3.4465284077898517e-01 +3.4785484513745302e-01 +9.9999999994386279e-01 +1.0000000000000000e+00

+3.4534715922101489e-01 +3.4785484513745302e-01 +9.9999999989608801e-01 +1.0000000000000000e+00
+3.4665004739103789e-01 +6.5214515486254598e-01 +9.9999999993062505e-01 +1.0000000000000000e+00
+3.4834995260896218e-01 +6.5214515486254598e-01 +1.0000000000016334e+00 +1.0000000000000000e+00
+3.4965284077898517e-01 +3.4785484513745302e-01 +1.0000000000649809e+00 +1.0000000000000000e+00

+3.5034715922101489e-01 +3.4785484513745302e-01 +1.0000000001966027e+00 +1.0000000000000000e+00
+3.5165004739103789e-01 +6.5214515486254598e-01 +1.0000000002940681e+00 +1.0000000000000000e+00
+3.5334995260896218e-01 +6.5214515486254598e-01 +1.0000000003409704e+00 +1.0000000000000000e+00
+3.5465284077898512e-01 +3.4785484513745302e-01 +1.0000000003005938e+00 +1.0000000000000000e+00

+3.5534715922101484e-01 +3.4785484513745302e-01 +1.0000000000327465e+00 +1.0000000000000000e+00
+3.5665004739103784e-01 +6.5214515486254598e-01 +1.0000000001132112e+00 +1.0000000000000000e+00
+3.5834995260896213e-01 +6.5214515486254598e-01 +1.0000000002802591e+00 +1.0000000000000000e+00
+3.5965284077898513e-01 +3.4785484513745302e-01 +1.0000000004144247e+00 +1.0000000000000000e+00

+3.6034715922101490e-01 +3.4785484513745302e-01 +1.0000000009453580e+00 +1.0000000000000000e+00
+3.6165004739103784e-01 +6.5214515486254598e-01 +1.0000000011646732e+00 +1.0000000000000000e+00
+3.6334995260896213e-01 +6.5214515486254598e-01 +1.0000000014146022e+00 +1.0000000000000000e+00
+3.6465284077898508e-01 +3.4785484513745302e-01 +1.0000000016949353e+00 +1.0000000000000000e+00

+3.6534715922101485e-01 +3.4785484513745302e-01 +1.0000000021205953e+00 +1.0000000000000000e+00
+3.6665004739103785e-01 +6.5214515486254598e-01 +1.0000000017481490e+00 +1.0000000000000000e+00
+3.6834995260896214e-01 +6.5214515486254598e-01 +9.9999999735207079e-01 +1.0000000000000000e+00
+3.6965284077898514e-01 +3.4785484513745302e-01 +9.9999998429545078e-01 +1.0000000000000000e+00

+3.7034715922101485e-01 +3.4785484513745302e-01 +9.9999996973996041e-01 +1.0000000000000000e+00
+3.7165004739103785e-01 +6.5214515486254598e-01 +9.9999994107994050e-01 +1.0000000000000000e+00
+3.7334995260896209e-01 +6.5214515486254598e-01 +9.9999988740896040e-01 +1.0000000000000000e+00
+3.7465284077898514e-01 +3.4785484513745302e-01 +9.9999983189111796e-01 +1.0000000000000000e+00

+3.7534715922101486e-01 +3.4785484513745302e-01 +9.9999895222375057e-01 +1.0000000000000000e+00
+3.7665004739103780e-01 +6.5214515486254598e-01 +9.9999801473186467e-01 +1.0000000000000000e+00
+3.7834995260896209e-01 +6.5214515486254598e-01 +9.9999625960527050e-01 +1.0000000000000000e+00
+3.7965284077898515e-01 +3.4785484513745302e-01 +9.9999444363045120e-01 +1.0000000000000000e+00

+3.8034715922101486e-01 +3.4785484513745302e-01 +9.9997166778005719e-01 +1.0000000000000000e+00
+3.8165004739103781e-01 +6.5214515486254598e-01 +9.9994709077982213e-01 +1.0000000000000000e+00
+3.8334995260896210e-01 +6.5214515486254598e-01 +9.9990113674989123e-01 +1.0000000000000000e+00
+3.8465284077898515e-01 +3.4785484513745302e-01 +9.9985359814029184e-01 +1.0000000000000000e+00

+3.8534715922101492e-01 +3.4785484513745302e-01 +9.9940779283750480e-01 +1.0000000000000000e+00
+3.8665004739103787e-01 +6.5214515486254598e-01 +9.9891690468472127e-01 +1.0000000000000000e+00
+3.8834995260896210e-01 +6.5214515486254598e-01 +9.9799989269597289e-01 +1.0000000000000000e+00
+3.8965284077898510e-01 +3.4785484513745302e-01 +9.9705047494860510e-01 +1.0000000000000000e+00

+3.9034715922101487e-01 +3.4785484513745302e-01 +9.9090182823922823e-01 +1.0000000000000000e+00
+3.9165004739103787e-01 +6.5214515486254598e-01 +9.8380786883647986e-01 +1.0000000000000000e+00
+3.9334995260896216e-01 +6.5214515486254598e-01 +9.6915167272468428e-01 +1.0000000000000000e+00
+3.9465284077898516e-01 +3.4785484513745302e-01 +9.5259857696924710e-01 +1.0000000000000000e+00

+3.9534715922101488e-01 +3.4785484513745302e-01 +8.9338257793115872e-01 +1.0000000000000000e+00
+3.9665004739103787e-01 +6.5214515486254598e-01 +8.2302624362600185e-01 +1.0000000000000000e+00
+3.9834995260896217e-01 +6.5214515486254598e-01 +6.9741482712594505e-01 +1.0000000000000000e+00
+3.9965284077898516e-01 +3.4785484513745302e-01 +5.7649072408584523e-01 +1.0000000000000000e+00

+4.0034715922101488e-01 +3.4785484513745302e-01 +4.1481379355094250e-01 +0.0000000000000000e+00
+4.0165004739103788e-01 +6.5214515486254598e-01 +2.9476511094048524e-01 +0.0000000000000000e+00
+4.0334995260896217e-01 +6.5214515486254598e-01 +1.7211941240591802e-01 +0.0000000000000000e+00
+4.0465284077898517e-01 +3.4785484513745302e-01 +1.0507598890393934e-01 +0.0000000000000000e+00

+4.0534715922101489e-01 +3.4785484513745302e-01 +5.4781750021422965e-02 +0.0000000000000000e+00
+4.0665004739103788e-01 +6.5214515486254598e-01 +3.6026365360938381e-02 +0.0000000000000000e+00
+4.0834995260896217e-01 +6.5214515486254598e-01 +1.9544026980508476e-02 +0.0000000000000000e+00
+4.0965284077898517e-01 +3.4785484513745302e-01 +1.1612549373336443e-02 +0.0000000000000000e+00

+4.1034715922101495e-01 +3.4785484513745302e-01 +5.1524572935217790e-03 +0.0000000000000000e+00
+4.1165004739103789e-01 +6.5214515486254598e-01 +3.5622275536292399e-03 +0.0000000000000000e+00
+4.1334995260896218e-01 +6.5214515486254598e-01 +2.0269338732467291e-03 +0.0000000000000000e+00
+4.1465284077898512e-01 +3.4785484513745302e-01 +1.1994362375283463e-03 +0.0000000000000000e+00

+4.1534715922101489e-01 +3.4785484513745302e-01 +5.1098382809988403e-04 +0.0000000000000000e+00
+4.1665004739103789e-01 +6.5214515486254598e-01 +3.5118596332428791e-04 +0.0000000000000000e+00
+4.1834995260896213e-01 +6.5214515486254598e-01 +1.9746279035214457e-04 +0.0000000000000000e+00
+4.1965284077898513e-01 +3.4785484513745302e-01 +1.1503278253916089e-04 +0.0000000000000000e+00

+4.2034715922101484e-01 +3.4785484513745302e-01 +4.5326488258042937e-05 +0.0000000000000000e+00
+4.2165004739103784e-01 +6.5214515486254598e-01 +3.1011019264805664e-05 +0.0000000000000000e+00
+4.2334995260896213e-01 +6.5214515486254598e-01 +1.7219226948665433e-05 +0.0000000000000000e+00
+4.2465284077898513e-01 +3.4785484513745302e-01 +9.8275605715501817e-06 +0.0000000000000000e+00

+4.2534715922101485e-01 +3.4785484513745302e-01 +3.4091864683666576e-06 +0.0000000000000000e+00
+4.2665004739103785e-01 +6.5214515486254598e-01 +2.3294029266550037e-06 +0.0000000000000000e+00
+4.2834995260896214e-01 +6.5214515486254598e-01 +1.2851079561940515e-06 +0.0000000000000000e+00
+4.2965284077898513e-01 +3.4785484513745302e-01 +7.2399760262174988e-07 +0.0000000000000000e+00

+4.3034715922101485e-01 +3.4785484513745302e-01 +2.2824875077534136e-07 +0.0000000000000000e+00
+4.3165004739103785e-01 +6.5214515486254598e-01 +1.5580469307341842e-07 +0.0000000000000000e+00
+4.3334995260896214e-01 +6.5214515486254598e-01 +8.5603302641645827e-08 +0.0000000000000000e+00
+4.3465284077898514e-01 +3.4785484513745302e-01 +4.7832303601931148e-08 +0.0000000000000000e+00

+4.3534715922101491e-01 +3.4785484513745302e-01 +1.4270110244716160e-08 +0.0000000000000000e+00
+4.3665004739103785e-01 +6.5214515486254598e-01 +9.6207635048658598e-09 +0.0000000000000000e+00
+4.3834995260896215e-01 +6.5214515486254598e-01 +5.1411149223320672e-09 +0.0000000000000000e+00
+4.3965284077898509e-01 +3.4785484513745302e-01 +2.7518043670891992e-09 +0.0000000000000000e+00

+4.4034715922101486e-01 +3.4785484513745302e-01 +1.1004169321855975e-09 +0.0000000000000000e+00
+4.4165004739103786e-01 +6.5214515486254598e-01 +3.8635471242277542e-10 +0.0000000000000000e+00
+4.4334995260896215e-01 +6.5214515486254598e-01 -2.4468961532161279e-11 +0.0000000000000000e+00
+4.4465284077898515e-01 +3.4785484513745302e-01 -8.7860312432453559e-11 +0.0000000000000000e+00

+4.4534715922101487e-01 +3.4785484513745302e-01 -7.2110288434250611e-11 +0.0000000000000000e+00
+4.4665004739103786e-01 +6.5214515486254598e-01 -4.0720056031698371e-11 +0.0000000000000000e+00
+4.4834995260896215e-01 +6.5214515486254598e-01 +7.9196414550404234e-12 +0.0000000000000000e+00
+4.4965284077898515e-01 +3.4785484513745302e-01 +3.1056697297351766e-11 +0.0000000000000000e+00

+4.5034715922101487e-01 +3.4785484513745302e-01 -6.9240771833919817e-13 +0.0000000000000000e+00
+4.5165004739103787e-01 +6.5214515486254598e-01 +1.1358632223109351e-11 +0.0000000000000000e+00
+4.5334995260896216e-01 +6.5214515486254598e-01 +1.8169805439299623e-11 +0.0000000000000000e+00
+4.5465284077898516e-01 +3.4785484513745302e-01 +1.7560433701336285e-11 +0.0000000000000000e+00

+4.5534715922101487e-01 +3.4785484513745302e-01 +8.3296888400480091e-12 +0.0000000000000000e+00
+4.5665004739103787e-01 +6.5214515486254598e-01 +1.5901289684767449e-12 +0.0000000000000000e+00
+4.5834995260896216e-01 +6.5214515486254598e-01 -5.2362638754907697e-12 +0.0000000000000000e+00
+4.5965284077898516e-01 +3.4785484513745302e-01 -7.1760616407612078e-12 +0.0000000000000000e+00

+4.6034715922101493e-01 +3.4785484513745302e-01 -2.1762576480261937e-12 +0.0000000000000000e+00
+4.6165004739103788e-01 +6.5214515486254598e-01 -1.2409724895497131e-12 +0.0000000000000000e+00
+4.6334995260896217e-01 +6.5214515486254598e-01 +1.0980482804735282e-14 +0.0000000000000000e+00
+4.6465284077898511e-01 +3.4785484513745302e-01 +5.9549240523576469e-13 +0.0000000000000000e+00

+4.6534715922101488e-01 +3.4785484513745302e-01 +2.5766984604472204e-14 +0.0000000000000000e+00
+4.6665004739103788e-01 +6.5214515486254598e-01 +1.5386810755519669e-13 +0.0000000000000000e+00
+4.6834995260896217e-01 +6.5214515486254598e-01 +1.7848697231895930e-13 +0.0000000000000000e+00
+4.6965284077898517e-01 +3.4785484513745302e-01 +1.2662574007164323e-13 +0.0000000000000000e+00

+4.7034715922101489e-01 +3.4785484513745302e-01 +8.9161674539572614e-14 +0.0000000000000000e+00
+4.7165004739103789e-01 +6.5214515486254598e-01 +1.1052008538470914e-14 +0.0000000000000000e+00
+4.7334995260896218e-01 +6.5214515486254598e-01 -6.3660786928324673e-14 +0.0000000000000000e+00
+4.7465284077898517e-01 +3.4785484513745302e-01 -8.1700632583531956e-14 +0.0000000000000000e+00

+4.7534715922101489e-01 +3.4785484513745302e-01 -2.7420892379908481e-14 +0.0000000000000000e+00
+4.7665004739103789e-01 +6.5214515486254598e-01 -1.2490258309188477e-14 +0.0000000000000000e+00
+4.7834995260896213e-01 +6.5214515486254598e-01 +6.0342430220487312e-15 +0.0000000000000000e+00
+4.7965284077898512e-01 +3.4785484513745302e-01 +1.3475690148568827e-14 +0.0000000000000000e+00

+4.8034715922101484e-01 +3.4785484513745302e-01 +2.0101152441753154e-15 +0.0000000000000000e+00
+4.8165004739103778e-01 +6.5214515486254598e-01 +2.2968815084108706e-15 +0.0000000000000000e+00
+4.8334995260896207e-01 +6.5214515486254598e-01 +1.4946907588454460e-15 +0.0000000000000000e+00
+4.8465284077898513e-01 +3.4785484513745302e-01 +6.1314959162143396e-16 +0.0000000000000000e+00

+4.8534715922101490e-01 +3.4785484513745302e-01 +8.1867919576743699e-16 +0.0000000000000000e+00
+4.8665004739103784e-01 +6.5214515486254598e-01 +8.0898490368540081e-17 +0.0000000000000000e+00
+4.8834995260896208e-01 +6.5214515486254598e-01 -5.7246689608694835e-16 +0.0000000000000000e+00
+4.8965284077898508e-01 +3.4785484513745302e-01 -7.1155438834899863e-16 +0.0000000000000000e+00

+4.9034715922101485e-01 +3.4785484513745302e-01 -2.7132474020607958e-16 +0.0000000000000000e+00
+4.9165004739103785e-01 +6.5214515486254598e-01 -1.2032665448797322e-16 +0.0000000000000000e+00
+4.9334995260896214e-01 +6.5214515486254598e-01 +6.5138672520462906e-17 +0.0000000000000000e+00
+4.9465284077898514e-01 +3.4785484513745302e-01 +1.3778391208103997e-16 +0.0000000000000000e+00

+4.9534715922101485e-01 +3.4785484513745302e-01 +2.1291516339205465e-17 +0.0000000000000000e+00
+4.9665004739103785e-01 +6.5214515486254598e-01 +2.1422129579417348e-17 +0.0000000000000000e+00
+4.9834995260896214e-01 +6.5214515486254598e-01 +1.1005580816265964e-17 +0.0000000000000000e+00
+4.9965284077898514e-01 +3.4785484513745302e-01 +2.0658424773144314e-18 +0.0000000000000000e+00

+5.0034715922101491e-01 +3.4785484513745302e-01 +7.6546148365645277e-18 +0.0000000000000000e+00
+5.0165004739103791e-01 +6.5214515486254598e-01 +1.2938609532405155e-18 +0.0000000000000000e+00
+5.0334995260896220e-01 +6.5214515486254598e-01 -4.4957971226838208e-18 +0.0000000000000000e+00
+5.0465284077898520e-01 +3.4785484513745302e-01 -5.8917832230246562e-18 +0.0000000000000000e+00

+5.0534715922101492e-01 +3.4785484513745302e-01 -2.2899871273215295e-18 +0.0000000000000000e+00
+5.0665004739103781e-01 +6.5214515486254598e-01 -1.1673012916385818e-18 +0.0000000000000000e+00
+5.0834995260896210e-01 +6.5214515486254598e-01 +3.1387654070568063e-19 +0.0000000000000000e+00
+5.0965284077898521e-01 +3.4785484513745302e-01 +9.4993050685568196e-19 +0.0000000000000000e+00

+5.1034715922101492e-01 +3.4785484513745302e-01 +7.0916576207490681e-20 +0.0000000000000000e+00
+5.1165004739103792e-01 +6.5214515486254598e-01 +1.4640367639123002e-19 +0.0000000000000000e+00
+5.1334995260896221e-01 +6.5214515486254598e-01 +1.3303087463400680e-19 +0.0000000000000000e+00
+5.1465284077898510e-01 +3.4785484513745302e-01 +8.1013142137965936e-20 +0.0000000000000000e+00

+5.1534715922101482e-01 +3.4785484513745302e-01 +8.7072398949680216e-20 +0.0000000000000000e+00
+5.1665004739103793e-01 +6.5214515486254598e-01 +2.6195458704911213e-20 +0.0000000000000000e+00
+5.1834995260896222e-01 +6.5214515486254598e-01 -3.5323525111164945e-20 +0.0000000000000000e+00
+5.1965284077898510e-01 +3.4785484513745302e-01 -5.4139245997196812e-20 +0.0000000000000000e+00

+5.2034715922101493e-01 +3.4785484513745302e-01 -1.7812325940348335e-20 +0.0000000000000000e+00
+5.2165004739103793e-01 +6.5214515486254598e-01 -1.1038822155970493e-20 +0.0000000000000000e+00
+5.2334995260896222e-01 +6.5214515486254598e-01 -2.0570148638126722e-22 +0.0000000000000000e+00
+5.2465284077898511e-01 +3.4785484513745302e-01 +5.2808445725540081e-21 +0.0000000000000000e+00

+5.2534715922101494e-01 +3.4785484513745302e-01 -8.5164915454653196e-22 +0.0000000000000000e+00
+5.2665004739103793e-01 +6.5214515486254598e-01 +7.8121688503736070e-22 +0.0000000000000000e+00
+5.2834995260896211e-01 +6.5214515486254598e-01 +1.7265244828110734e-21 +0.0000000000000000e+00
+5.2965284077898511e-01 +3.4785484513745302e-01 +1.6202149025973244e-21 +0.0000000000000000e+00

+5.3034715922101494e-01 +3.4785484513745302e-01 +9.6254210715402998e-22 +0.0000000000000000e+00
+5.3165004739103783e-01 +6.5214515486254598e-01 +3.4466593097664675e-22 +0.0000000000000000e+00
+5.3334995260896212e-01 +6.5214515486254598e-01 -3.2942043224591057e-22 +0.0000000000000000e+00
+5.3465284077898523e-01 +3.4785484513745302e-01 -5.5810167131548679e-22 +0.0000000000000000e+00

+5.3534715922101495e-01 +3.4785484513745302e-01 -1.4272874836285843e-22 +0.0000000000000000e+00
+5.3665004739103783e-01 +6.5214515486254598e-01 -9.7566483470367549e-23 +0.0000000000000000e+00
+5.3834995260896212e-01 +6.5214515486254598e-01 -1.1937010630402081e-23 +0.0000000000000000e+00
+5.3965284077898512e-01 +3.4785484513745302e-01 +3.5633302577239413e-23 +0.0000000000000000e+00

+5.4034715922101484e-01 +3.4785484513745302e-01 -1.4176689312919678e-23 +0.0000000000000000e+00
+5.4165004739103795e-01 +6.5214515486254598e-01 +4.0771337523436182e-24 +0.0000000000000000e+00
+5.4334995260896213e-01 +6.5214515486254598e-01 +1.7071528218790779e-23 +0.0000000000000000e+00
+5.4465284077898524e-01 +3.4785484513745302e-01 +1.7831546607253882e-23 +0.0000000000000000e+00

+5.4534715922101495e-01 +3.4785484513745302e-01 +8.7306580959595807e-24 +0.0000000000000000e+00
+5.4665004739103784e-01 +6.5214515486254598e-01 +3.1344388255477367e-24 +0.0000000000000000e+00
+5.4834995260896213e-01 +6.5214515486254598e-01 -3.1051668695826664e-24 +0.0000000000000000e+00
+5.4965284077898513e-01 +3.4785484513745302e-01 -5.2357974723793385e-24 +0.0000000000000000e+00

+5.5034715922101496e-01 +3.4785484513745302e-01 -1.1582232927780628e-24 +0.0000000000000000e+00
+5.5165004739103796e-01 +6.5214515486254598e-01 -7.5653405614995553e-25 +0.0000000000000000e+00
+5.5334995260896225e-01 +6.5214515486254598e-01 -2.6262118245427246e-26 +0.0000000000000000e+00
+5.5465284077898513e-01 +3.4785484513745302e-01 +3.6203137323415891e-25 +0.0000000000000000e+00

+5.5534715922101485e-01 +3.4785484513745302e-01 -1.0297793771886586e-25 +0.0000000000000000e+00
+5.5665004739103785e-01 +6.5214515486254598e-01 +2.9452171905018099e-26 +0.0000000000000000e+00
+5.5834995260896214e-01 +6.5214515486254598e-01 +1.2298048105486041e-25 +0.0000000000000000e+00
+5.5965284077898525e-01 +3.4785484513745302e-01 +1.2774373118198430e-25 +0.0000000000000000e+00

+5.6034715922101497e-01 +3.4785484513745302e-01 +6.2029534727057779e-26 +0.0000000000000000e+00
+5.6165004739103797e-01 +6.5214515486254598e-01 +2.0921820034483432e-26 +0.0000000000000000e+00
+5.6334995260896226e-01 +6.5214515486254598e-01 -2.4487776326867123e-26 +0.0000000000000000e+00
+5.6465284077898514e-01 +3.4785484513745302e-01 -3.9491920538317631e-26 +0.0000000000000000e+00

+5.6534715922101486e-01 +3.4785484513745302e-01 -8.5056726993562066e-27 +0.0000000000000000e+00
+5.6665004739103786e-01 +6.5214515486254598e-01 -4.9271678430152174e-27 +0.0000000000000000e+00
+5.6834995260896215e-01 +6.5214515486254598e-01 +7.8569178008421249e-28 +0.0000000000000000e+00
+5.6965284077898526e-01 +3.4785484513745302e-01 +3.5270073643555046e-27 +0.0000000000000000e+00

+5.7034715922101498e-01 +3.4785484513745302e-01 -4.0063392428174397e-28 +0.0000000000000000e+00
+5.7165004739103797e-01 +6.5214515486254598e-01 +2.4928680872376970e-28 +0.0000000000000000e+00
+5.7334995260896227e-01 +6.5214515486254598e-01 +6.4028802679110895e-28 +0.0000000000000000e+00
+5.7465284077898515e-01 +3.4785484513745302e-01 +6.0924832026913600e-28 +0.0000000000000000e+00

+5.7534715922101498e-01 +3.4785484513745302e-01 +3.4186691688317179e-28 +0.0000000000000000e+00
+5.7665004739103787e-01 +6.5214515486254598e-01 +1.0462906994072431e-28 +0.0000000000000000e+00
+5.7834995260896216e-01 +6.5214515486254598e-01 -1.5103911785229807e-28 +0.0000000000000000e+00
+5.7965284077898505e-01 +3.4785484513745302e-01 -2.3126750574228054e-28 +0.0000000000000000e+00

+5.8034715922101476e-01 +3.4785484513745302e-01 -5.1958438283083541e-29 +0.0000000000000000e+00
+5.8165004739103776e-01 +6.5214515486254598e-01 -2.6309450480842368e-29 +0.0000000000000000e+00
+5.8334995260896205e-01 +6.5214515486254598e-01 +1.0373396123222231e-29 +0.0000000000000000e+00
+5.8465284077898516e-01 +3.4785484513745302e-01 +2.6273913889596110e-29 +0.0000000000000000e+00

+5.8534715922101488e-01 +3.4785484513745302e-01 -1.7184826199102216e-31 +0.0000000000000000e+00
+5.8665004739103788e-01 +6.5214515486254598e-01 +1.7951816512347730e-30 +0.0000000000000000e+00
+5.8834995260896217e-01 +6.5214515486254598e-01 +2.3030854214336134e-30 +0.0000000000000000e+00
+5.8965284077898505e-01 +3.4785484513745302e-01 +1.6775255581685875e-30 +0.0000000000000000e+00

+5.9034715922101477e-01 +3.4785484513745302e-01 +1.4470475887776324e-30 +0.0000000000000000e+00
+5.9165004739103777e-01 +6.5214515486254598e-01 +3.8643039986005707e-31 +0.0000000000000000e+00
+5.9334995260896206e-01 +6.5214515486254598e-01 -7.1525567344951796e-31 +0.0000000000000000e+00
+5.9465284077898517e-01 +3.4785484513745302e-01 -1.0374965101135333e-30 +0.0000000000000000e+00

+5.9534715922101489e-01 +3.4785484513745302e-01 -2.5416554163989840e-31 +0.0000000000000000e+00
+5.9665004739103789e-01 +6.5214515486254598e-01 -1.1335849924700350e-31 +0.0000000000000000e+00
+5.9834995260896218e-01 +6.5214515486254598e-01 +7.2525753482478334e-32 +0.0000000000000000e+00
+5.9965284077898506e-01 +3.4785484513745302e-01 +1.4643056930655284e-31 +0.0000000000000000e+00

+6.0034715922101489e-01 +3.4785484513745302e-01 +8.6469202339000766e-33 +0.0000000000000000e+00
+6.0165004739103778e-01 +6.5214515486254598e-01 +9.9926676737913507e-33 +0.0000000000000000e+00
+6.0334995260896207e-01 +6.5214515486254598e-01 +4.6129910723371655e-33 +0.0000000000000000e+00
+6.0465284077898507e-01 +3.4785484513745302e-01 -2.9326541621358144e-34 +0.0000000000000000e+00

+6.0534715922101479e-01 +3.4785484513745302e-01 +4.5691419542598142e-33 +0.0000000000000000e+00
+6.0665004739103789e-01 +6.5214515486254598e-01 +9.7398835971746617e-34 +0.0000000000000000e+00
+6.0834995260896219e-01 +6.5214515486254598e-01 -2.5571066520467482e-33 +0.0000000000000000e+00
+6.0965284077898518e-01 +3.4785484513745302e-01 -3.4827880233886131e-33 +0.0000000000000000e+00

+6.1034715922101490e-01 +3.4785484513745302e-01 -9.7677968928831398e-34 +0.0000000000000000e+00
+6.1165004739103790e-01 +6.5214515486254598e-01 -3.8742202844635613e-34 +0.0000000000000000e+00
+6.1334995260896208e-01 +6.5214515486254598e-01 +3.4480921352089811e-34 +0.0000000000000000e+00
+6.1465284077898508e-01 +3.4785484513745302e-01 +6.1524545989221913e-34 +0.0000000000000000e+00

+6.1534715922101479e-01 +3.4785484513745302e-01 +6.3977678182230196e-35 +0.0000000000000000e+00
+6.1665004739103790e-01 +6.5214515486254598e-01 +4.2572502743953068e-35 +0.0000000000000000e+00
+6.1834995260896219e-01 +6.5214515486254598e-01 -3.6757367396728857e-36 +0.0000000000000000e+00
+6.1965284077898519e-01 +3.4785484513745302e-01 -2.8629553216271228e-35 +0.0000000000000000e+00

+6.2034715922101491e-01 +3.4785484513745302e-01 +9.8874497255352242e-36 +0.0000000000000000e+00
+6.2165004739103791e-01 +6.5214515486254598e-01 +1.1265387549920540e-36 +0.0000000000000000e+00
+6.2334995260896220e-01 +6.5214515486254598e-01 -6.6155275611789190e-36 +0.0000000000000000e+00
+6.2465284077898509e-01 +3.4785484513745302e-01 -8.1984446047184372e-36 +0.0000000000000000e+00

+6.2534715922101491e-01 +3.4785484513745302e-01 -2.8886536995371198e-36 +0.0000000000000000e+00
+6.2665004739103791e-01 +6.5214515486254598e-01 -1.0215549940146821e-36 +0.0000000000000000e+00
+6.2834995260896209e-01 +6.5214515486254598e-01 +1.1818227987596551e-36 +0.0000000000000000e+00
+6.2965284077898509e-01 +3.4785484513745302e-01 +1.9419405365853948e-36 +0.0000000000000000e+00

+6.3034715922101481e-01 +3.4785484513745302e-01 +2.7218099167694337e-37 +0.0000000000000000e+00
+6.3165004739103781e-01 +6.5214515486254598e-01 +1.3854201062756116e-37 +0.0000000000000000e+00
+6.3334995260896210e-01 +6.5214515486254598e-01 -6.7213257322620722e-38 +0.0000000000000000e+00
+6.3465284077898521e-01 +3.4785484513745302e-01 -1.5800293642487703e-37 +0.0000000000000000e+00

+6.3534715922101492e-01 +3.4785484513745302e-01 +1.0134111979090301e-38 +0.0000000000000000e+00
+6.3665004739103792e-01 +6.5214515486254598e-01 -2.8360930779525535e-39 +0.0000000000000000e+00
+6.3834995260896210e-01 +6.5214515486254598e-01 -1.0891980381408080e-38 +0.0000000000000000e+00
+6.3965284077898510e-01 +3.4785484513745302e-01 -1.0659222579614442e-38 +0.0000000000000000e+00

+6.4034715922101482e-01 +3.4785484513745302e-01 -6.3278964505850040e-39 +0.0000000000000000e+00
+6.4165004739103781e-01 +6.5214515486254598e-01 -1.9667070028640023e-39 +0.0000000000000000e+00
+6.4334995260896211e-01 +6.5214515486254598e-01 +2.9163989760624361e-39 +0.0000000000000000e+00
+6.4465284077898521e-01 +3.4785484513745302e-01 +4.4799290181591520e-39 +0.0000000000000000e+00

+6.4534715922101493e-01 +3.4785484513745302e-01 +7.9191030516104190e-40 +0.0000000000000000e+00
+6.4665004739103793e-01 +6.5214515486254598e-01 +3.3951569553711296e-40 +0.0000000000000000e+00
+6.4834995260896222e-01 +6.5214515486254598e-01 -2.7261470299639997e-40 +0.0000000000000000e+00
+6.4965284077898511e-01 +3.4785484513745302e-01 -5.1363878985292529e-40 +0.0000000000000000e+00

+6.5034715922101494e-01 +3.4785484513745302e-01 -1.7516526438351292e-41 +0.0000000000000000e+00
+6.5165004739103782e-01 +6.5214515486254598e-01 -1.8704886593744726e-41 +0.0000000000000000e+00
+6.5334995260896211e-01 +6.5214515486254598e-01 -4.9194724998278446e-42 +0.0000000000000000e+00
+6.5465284077898511e-01 +3.4785484513745302e-01 +5.9402104045444780e-42 +0.0000000000000000e+00

+6.5534715922101483e-01 +3.4785484513745302e-01 -9.4141026921072318e-42 +0.0000000000000000e+00
+6.5665004739103794e-01 +6.5214515486254598e-01 -2.3954931227714016e-42 +0.0000000000000000e+00
+6.5834995260896223e-01 +6.5214515486254598e-01 +4.9046271490561864e-42 +0.0000000000000000e+00
+6.5965284077898523e-01 +3.4785484513745302e-01 +6.9901254453973302e-42 +0.0000000000000000e+00

+6.6034715922101495e-01 +3.4785484513745302e-01 +1.6054391177459283e-42 +0.0000000000000000e+00
+6.6165004739103783e-01 +6.5214515486254598e-01 +6.0351017113392543e-43 +0.0000000000000000e+00
+6.6334995260896212e-01 +6.5214515486254598e-01 -6.5394972676353663e-43 +0.0000000000000000e+00
+6.6465284077898512e-01 +3.4785484513745302e-01 -1.1105745511288082e-42 +0.0000000000000000e+00

+6.6534715922101484e-01 +3.4785484513745302e-01 -9.8298111864622824e-44 +0.0000000000000000e+00
+6.6665004739103795e-01 +6.5214515486254598e-01 -5.1157684078772213e-44 +0.0000000000000000e+00
+6.6834995260896224e-01 +6.5214515486254598e-01 +2.7321192792284796e-44 +0.0000000000000000e+00
+6.6965284077898524e-01 +3.4785484513745302e-01 +6.2988668047120614e-44 +0.0000000000000000e+00

+6.7034715922101495e-01 +3.4785484513745302e-01 -7.0589622436702005e-45 +0.0000000000000000e+00
+6.7165004739103795e-01 +6.5214515486254598e-01 -7.5086787073707088e-46 +0.0000000000000000e+00
+6.7334995260896224e-01 +6.5214515486254598e-01 +4.6317194181568208e-45 +0.0000000000000000e+00
+6.7465284077898513e-01 +3.4785484513745302e-01 +5.6323155053367777e-45 +0.0000000000000000e+00

+6.7534715922101496e-01 +3.4785484513745302e-01 +2.1466262183858002e-45 +0.0000000000000000e+00
+6.7665004739103796e-01 +6.5214515486254598e-01 +7.1264228263052270e-46 +0.0000000000000000e+00
+6.7834995260896225e-01 +6.5214515486254598e-01 -9.8083783516254379e-46 +0.0000000000000000e+00
+6.7965284077898513e-01 +3.4785484513745302e-01 -1.5518863145503922e-45 +0.0000000000000000e+00

+6.8034715922101485e-01 +3.4785484513745302e-01 -2.0430901341044924e-46 +0.0000000000000000e+00
+6.8165004739103796e-01 +6.5214515486254598e-01 -8.4060246382042935e-47 +0.0000000000000000e+00
+6.8334995260896214e-01 +6.5214515486254598e-01 +8.0249924084351895e-47 +0.0000000000000000e+00
+6.8465284077898525e-01 +3.4785484513745302e-01 +1.4427090553232706e-46 +0.0000000000000000e+00

+6.8534715922101497e-01 +3.4785484513745302e-01 +3.6966645113804756e-48 +0.0000000000000000e+00
+6.8665004739103785e-01 +6.5214515486254598e-01 +3.1859037588914757e-48 +0.0000000000000000e+00
+6.8834995260896215e-01 +6.5214515486254598e-01 -1.0835112864504693e-49 +0.0000000000000000e+00
+6.8965284077898514e-01 +3.4785484513745302e-01 -2.2638187579642824e-48 +0.0000000000000000e+00

+6.9034715922101486e-01 +3.4785484513745302e-01 +1.5449683015396218e-48 +0.0000000000000000e+00
+6.9165004739103786e-01 +6.5214515486254598e-01 +4.2344213146426717e-49 +0.0000000000000000e+00
+6.9334995260896215e-01 +6.5214515486254598e-01 -7.9221737961632381e-49 +0.0000000000000000e+00
+6.9465284077898526e-01 +3.4785484513745302e-01 -1.1570089579536055e-48 +0.0000000000000000e+00

+6.9534715922101498e-01 +3.4785484513745302e-01 -2.2479417117348270e-49 +0.0000000000000000e+00
+6.9665004739103797e-01 +6.5214515486254598e-01 -7.9725178235379279e-50 +0.0000000000000000e+00
+6.9834995260896215e-01 +6.5214515486254598e-01 +1.0201880015484485e-49 +0.0000000000000000e+00
+6.9965284077898515e-01 +3.4785484513745302e-01 +1.6675601715828997e-49 +0.0000000000000000e+00

+7.0034715922101498e-01 +3.4785484513745302e-01 +1.4362426514660267e-50 +0.0000000000000000e+00
+7.0165004739103787e-01 +6.5214515486254598e-01 +5.9502238885697735e-51 +0.0000000000000000e+00
+7.0334995260896216e-01 +6.5214515486254598e-01 -5.9516545510510908e-51 +0.0000000000000000e+00
+7.0465284077898505e-01 +3.4785484513745302e-01 -1.0678515006057575e-50 +0.0000000000000000e+00

+7.0534715922101476e-01 +3.4785484513745302e-01 -1.0705584507054227e-53 +0.0000000000000000e+00
+7.0665004739103787e-01 +6.5214515486254598e-01 -9.8829569145041044e-53 +0.0000000000000000e+00
+7.0834995260896205e-01 +6.5214515486254598e-01 -6.5346879667169249e-53 +0.0000000000000000e+00
+7.0965284077898516e-01 +3.4785484513745302e-01 -6.6647645071432300e-55 +0.0000000000000000e+00

+7.1034715922101488e-01 +3.4785484513745302e-01 -9.5489559659878387e-53 +0.0000000000000000e+00
+7.1165004739103788e-01 +6.5214515486254598e-01 -2.7810041112680392e-53 +0.0000000000000000e+00
+7.1334995260896217e-01 +6.5214515486254598e-01 +4.9519672266665064e-53 +0.0000000000000000e+00
+7.1465284077898505e-01 +3.4785484513745302e-01 +7.4077850361564309e-53 +0.0000000000000000e+00

+7.1534715922101477e-01 +3.4785484513745302e-01 +1.1188144795230257e-53 +0.0000000000000000e+00
+7.1665004739103788e-01 +6.5214515486254598e-01 +3.7153701160841014e-54 +0.0000000000000000e+00
+7.1834995260896217e-01 +6.5214515486254598e-01 -5.5182761393520507e-54 +0.0000000000000000e+00
+7.1965284077898517e-01 +3.4785484513745302e-01 -8.7272941540304109e-54 +0.0000000000000000e+00

+7.2034715922101489e-01 +3.4785484513745302e-01 -8.1182128754858003e-55 +0.0000000000000000e+00
+7.2165004739103789e-01 +6.5214515486254598e-01 -2.8672818767337419e-55 +0.0000000000000000e+00
+7.2334995260896207e-01 +6.5214515486254598e-01 +3.8440215731367883e-55 +0.0000000000000000e+00
+7.2465284077898506e-01 +3.4785484513745302e-01 +6.2675015622908695e-55 +0.0000000000000000e+00

+7.2534715922101489e-01 +3.4785484513745302e-01 +4.2701418088444326e-56 +0.0000000000000000e+00
+7.2665004739103778e-01 +6.5214515486254598e-01 +1.6784288337973094e-56 +0.0000000000000000e+00
+7.2834995260896207e-01 +6.5214515486254598e-01 -1.8291769702826128e-56 +0.0000000000000000e+00
+7.2965284077898507e-01 +3.4785484513745302e-01 -3.1749556058988324e-56 +0.0000000000000000e+00

+7.3034715922101479e-01 +3.4785484513745302e-01 -9.3691167471293805e-58 +0.0000000000000000e+00
+7.3165004739103778e-01 +6.5214515486254598e-01 -6.0578611261382904e-58 +0.0000000000000000e+00
+7.3334995260896207e-01 +6.5214515486254598e-01 +1.7050604633503456e-58 +0.0000000000000000e+00
+7.3465284077898518e-01 +3.4785484513745302e-01 +5.8646481675886209e-58 +0.0000000000000000e+00

+7.3534715922101490e-01 +3.4785484513745302e-01 -1.8595038478583980e-58 +0.0000000000000000e+00
+7.3665004739103779e-01 +6.5214515486254598e-01 -4.0028988690500731e-59 +0.0000000000000000e+00
+7.3834995260896208e-01 +6.5214515486254598e-01 +1.0907092568216912e-58 +0.0000000000000000e+00
+7.3965284077898508e-01 +3.4785484513745302e-01 +1.4919717765645003e-58 +0.0000000000000000e+00

+7.4034715922101479e-01 +3.4785484513745302e-01 +3.4339405552697404e-59 +0.0000000000000000e+00
+7.4165004739103790e-01 +6.5214515486254598e-01 +1.0674864346001189e-59 +0.0000000000000000e+00
+7.4334995260896219e-01 +6.5214515486254598e-01 -1.7257367827456246e-59 +0.0000000000000000e+00
+7.4465284077898519e-01 +3.4785484513745302e-01 -2.6498003847579689e-59 +0.0000000000000000e+00

+7.4534715922101491e-01 +3.4785484513745302e-01 -3.3032777701569940e-60 +0.0000000000000000e+00
+7.4665004739103780e-01 +6.5214515486254598e-01 -1.1022172010962696e-60 +0.0000000000000000e+00
+7.4834995260896209e-01 +6.5214515486254598e-01 +1.6504523414603986e-60 +0.0000000000000000e+00
+7.4965284077898509e-01 +3.4785484513745302e-01 +2.6146041427757371e-60 +0.0000000000000000e+00

+7.5034715922101491e-01 +3.4785484513745302e-01 +2.2147230093555435e-61 +0.0000000000000000e+00
+7.5165004739103780e-01 +6.5214515486254598e-01 +7.4039380799608468e-62 +0.0000000000000000e+00
+7.5334995260896220e-01 +6.5214515486254598e-01 -1.1182036927499193e-61 +0.0000000000000000e+00
+7.5465284077898509e-01 +3.4785484513745302e-01 -1.7752070343199358e-61 +0.0000000000000000e+00

+7.5534715922101481e-01 +3.4785484513745302e-01 -1.3140182660800697e-62 +0.0000000000000000e+00
+7.5665004739103781e-01 +6.5214515486254598e-01 -4.2742131951207763e-63 +0.0000000000000000e+00
+7.5834995260896210e-01 +6.5214515486254598e-01 +6.5985994946070849e-63 +0.0000000000000000e+00
+7.5965284077898521e-01 +3.4785484513745302e-01 +1.0345186144276282e-62 +0.0000000000000000e+00

+7.6034715922101492e-01 +3.4785484513745302e-01 +9.8649182322810349e-64 +0.0000000000000000e+00
+7.6165004739103781e-01 +6.5214515486254598e-01 +3.3489130250958914e-64 +0.0000000000000000e+00
+7.6334995260896221e-01 +6.5214515486254598e-01 -4.7766501180177577e-64 +0.0000000000000000e+00
+7.6465284077898510e-01 +3.4785484513745302e-01 -7.6357561508199933e-64 +0.0000000000000000e+00

+7.6534715922101482e-01 +3.4785484513745302e-01 -6.6346379302523715e-65 +0.0000000000000000e+00
+7.6665004739103781e-01 +6.5214515486254598e-01 -2.4887553161348948e-65 +0.0000000000000000e+00
+7.6834995260896211e-01 +6.5214515486254598e-01 +2.9300642200332252e-65 +0.0000000000000000e+00
+7.6965284077898521e-01 +3.4785484513745302e-01 +4.9382101959154730e-65 +0.0000000000000000e+00

+7.7034715922101493e-01 +3.4785484513745302e-01 +2.2086729248182750e-66 +0.0000000000000000e+00
+7.7165004739103782e-01 +6.5214515486254598e-01 +8.0436976866802419e-67 +0.0000000000000000e+00
+7.7334995260896222e-01 +6.5214515486254598e-01 -1.2893824293241448e-66 +0.0000000000000000e+00
+7.7465284077898511e-01 +3.4785484513745302e-01 -2.1093969656867056e-66 +0.0000000000000000e+00

+7.7534715922101494e-01 +3.4785484513745302e-01 -5.1780657024769021e-70 +0.0000000000000000e+00
+7.7665004739103793e-01 +6.5214515486254598e-01 +7.5825668077304355e-69 +0.0000000000000000e+00
+7.7834995260896211e-01 +6.5214515486254598e-01 +7.3091415773281864e-69 +0.0000000000000000e+00
+7.7965284077898511e-01 +3.4785484513745302e-01 +4.8645973937158854e-69 +0.0000000000000000e+00

+7.8034715922101483e-01 +3.4785484513745302e-01 +1.2967179086727694e-69 +0.0000000000000000e+00
+7.8165004739103794e-01 +6.5214515486254598e-01 +2.7215801668568102e-70 +0.0000000000000000e+00
+7.8334995260896223e-01 +6.5214515486254598e-01 +8.8636204689432496e-70 +0.0000000000000000e+00
+7.8465284077898523e-01 +3.4785484513745302e-01 +1.6557592713501875e-69 +0.0000000000000000e+00

+7.8534715922101495e-01 +3.4785484513745302e-01 -1.2366028341936305e-69 +0.0000000000000000e+00
+7.8665004739103794e-01 +6.5214515486254598e-01 -4.6111067106196347e-70 +0.0000000000000000e+00
+7.8834995260896212e-01 +6.5214515486254598e-01 +6.9929048451058422e-70 +0.0000000000000000e+00
+7.8965284077898512e-01 +3.4785484513745302e-01 +1.1579325308991647e-69 +0.0000000000000000e+00

+7.9034715922101484e-01 +3.4785484513745302e-01 +1.2423454294754425e-71 +0.0000000000000000e+00
+7.9165004739103795e-01 +6.5214515486254598e-01 +1.1642922098948538e-71 +0.0000000000000000e+00
+7.9334995260896224e-01 +6.5214515486254598e-01 +9.9584685396608065e-72 +0.0000000000000000e+00
+7.9465284077898524e-01 +3.4785484513745302e-01 +7.0085687811716727e-72 +0.0000000000000000e+00

+7.9534715922101495e-01 +3.4785484513745302e-01 +7.8567954707769730e-72 +0.0000000000000000e+00
+7.9665004739103795e-01 +6.5214515486254598e-01 +3.4006393983956234e-72 +0.0000000000000000e+00
+7.9834995260896213e-01 +6.5214515486254598e-01 -1.9709565802642304e-72 +0.0000000000000000e+00
+7.9965284077898513e-01 +3.4785484513745302e-01 -4.0643665619681465e-72 +0.0000000000000000e+00

+8.0034715922101496e-01 +3.4785484513745302e-01 +1.8670519858259963e-73 +0.0000000000000000e+00
+8.0165004739103796e-01 +6.5214515486254598e-01 +3.3499183899523639e-74 +0.0000000000000000e+00
+8.0334995260896225e-01 +6.5214515486254598e-01 -8.5576457791336905e-74 +0.0000000000000000e+00
+8.0465284077898513e-01 +3.4785484513745302e-01 -1.1810711536445236e-73 +0.0000000000000000e+00

+8.0534715922101485e-01 +3.4785484513745302e-01 -1.3328240166030769e-74 +0.0000000000000000e+00
+8.0665004739103796e-01 +6.5214515486254598e-01 -1.0736349872452509e-74 +0.0000000000000000e+00
+8.0834995260896214e-01 +6.5214515486254598e-01 -1.4657992893721679e-74 +0.0000000000000000e+00
+8.0965284077898525e-01 +3.4785484513745302e-01 -1.7361443749186108e-74 +0.0000000000000000e+00

+8.1034715922101497e-01 +3.4785484513745302e-01 +3.1432021381684261e-75 +0.0000000000000000e+00
+8.1165004739103797e-01 +6.5214515486254598e-01 +9.1588462760302611e-76 +0.0000000000000000e+00
+8.1334995260896215e-01 +6.5214515486254598e-01 -4.0085296442429226e-75 +0.0000000000000000e+00
+8.1465284077898514e-01 +3.4785484513745302e-01 -6.1747907881486244e-75 +0.0000000000000000e+00

+8.1534715922101486e-01 +3.4785484513745302e-01 +3.2972546866710016e-76 +0.0000000000000000e+00
+8.1665004739103786e-01 +6.5214515486254598e-01 +1.0979300940872027e-76 +0.0000000000000000e+00
+8.1834995260896215e-01 +6.5214515486254598e-01 -3.0362076633011479e-76 +0.0000000000000000e+00
+8.1965284077898526e-01 +3.4785484513745302e-01 -4.6719103112131117e-76 +0.0000000000000000e+00

+8.2034715922101498e-01 +3.4785484513745302e-01 -3.2333596580071908e-77 +0.0000000000000000e+00
+8.2165004739103797e-01 +6.5214515486254598e-01 -1.3454207940066004e-77 +0.0000000000000000e+00
+8.2334995260896215e-01 +6.5214515486254598e-01 +1.2985200772288976e-77 +0.0000000000000000e+00
+8.2465284077898515e-01 +3.4785484513745302e-01 +2.4946069476182801e-77 +0.0000000000000000e+00

+8.2534715922101498e-01 +3.4785484513745302e-01 -6.4276412798036557e-78 +0.0000000000000000e+00
+8.2665004739103787e-01 +6.5214515486254598e-01 -2.2723321895998670e-78 +0.0000000000000000e+00
+8.2834995260896216e-01 +6.5214515486254598e-01 +3.9360200829292778e-78 +0.0000000000000000e+00
+8.2965284077898516e-01 +3.4785484513745302e-01 +6.4705663230210233e-78 +0.0000000000000000e+00

+8.3034715922101487e-01 +3.4785484513745302e-01 +3.1159679622691927e-79 +0.0000000000000000e+00
+8.3165004739103798e-01 +6.5214515486254598e-01 +2.9548036611510250e-79 +0.0000000000000000e+00
+8.3334995260896216e-01 +6.5214515486254598e-01 +4.4073000140654128e-80 +0.0000000000000000e+00
+8.3465284077898516e-01 +3.4785484513745302e-01 -2.6581287237593645e-79 +0.0000000000000000e+00

+8.3534715922101488e-01 +3.4785484513745302e-01 -1.0031688305329204e-76 +0.0000000000000000e+00
+8.3665004739103788e-01 +6.5214515486254598e-01 -5.9392796176402817e-77 +0.0000000000000000e+00
+8.3834995260896217e-01 +6.5214515486254598e-01 +4.6869545023954325e-77 +0.0000000000000000e+00
+8.3965284077898505e-01 +3.4785484513745302e-01 +1.2386800603113659e-76 +0.0000000000000000e+00

+8.4034715922101477e-01 +3.4785484513745302e-01 +7.8804701962793908e-75 +0.0000000000000000e+00
+8.4165004739103777e-01 +6.5214515486254598e-01 +4.6872217256075921e-75 +0.0000000000000000e+00
+8.4334995260896217e-01 +6.5214515486254598e-01 -3.6714250570277215e-75 +0.0000000000000000e+00
+8.4465284077898517e-01 +3.4785484513745302e-01 -9.7848413928851233e-75 +0.0000000000000000e+00

+8.4534715922101489e-01 +3.4785484513745302e-01 -1.3107112345429598e-69 +0.0000000000000000e+00
+8.4665004739103789e-01 +6.5214515486254598e-01 -7.7291907790327295e-70 +0.0000000000000000e+00
+8.4834995260896218e-01 +6.5214515486254598e-01 +6.1331819494241418e-70 +0.0000000000000000e+00
+8.4965284077898506e-01 +3.4785484513745302e-01 +1.6099244463284502e-69 +0.0000000000000000e+00

+8.5034715922101489e-01 +3.4785484513745302e-01 +2.0123103223327921e-67 +0.0000000000000000e+00
+8.5165004739103778e-01 +6.5214515486254598e-01 +1.1917118388092965e-67 +0.0000000000000000e+00
+8.5334995260896207e-01 +6.5214515486254598e-01 -9.3967305317227743e-68 +0.0000000000000000e+00
+8.5465284077898507e-01 +3.4785484513745302e-01 -2.4848223589482618e-67 +0.0000000000000000e+00

+8.5534715922101479e-01 +3.4785484513745302e-01 -1.4964827388019591e-65 +0.0000000000000000e+00
+8.5665004739103778e-01 +6.5214515486254598e-01 -8.9053673683242381e-66 +0.0000000000000000e+00
+8.5834995260896219e-01 +6.5214515486254598e-01 +6.9701049870291311e-66 +0.0000000000000000e+00
+8.5965284077898518e-01 +3.4785484513745302e-01 +1.8592978577626357e-65 +0.0000000000000000e+00

+8.6034715922101490e-01 +3.4785484513745302e-01 +2.0263146446109304e-63 +0.0000000000000000e+00
+8.6165004739103779e-01 +6.5214515486254598e-01 +1.2012016076218866e-63 +0.0000000000000000e+00
+8.6334995260896208e-01 +6.5214515486254598e-01 -9.4531668569761146e-64 +0.0000000000000000e+00
+8.6465284077898508e-01 +3.4785484513745302e-01 -2.5049619340448192e-63 +0.0000000000000000e+00

+8.6534715922101479e-01 +3.4785484513745302e-01 -1.8779844659323118e-61 +0.0000000000000000e+00
+8.6665004739103779e-01 +6.5214515486254598e-01 -1.1156951851981912e-61 +0.0000000000000000e+00
+8.6834995260896219e-01 +6.5214515486254598e-01 +8.7511044890127198e-62 +0.0000000000000000e+00
+8.6965284077898519e-01 +3.4785484513745302e-01 +2.3274623288643801e-61 +0.0000000000000000e+00

+8.7034715922101491e-01 +3.4785484513745302e-01 +1.0700091314970245e-59 +0.0000000000000000e+00
+8.7165004739103791e-01 +6.5214515486254598e-01 +6.3875344510077367e-60 +0.0000000000000000e+00
+8.7334995260896209e-01 +6.5214515486254598e-01 -4.9726272073275723e-60 +0.0000000000000000e+00
+8.7465284077898509e-01 +3.4785484513745302e-01 -1.3341775563969122e-59 +0.0000000000000000e+00

+8.7534715922101491e-01 +3.4785484513745302e-01 -4.2268860851665785e-58 +0.0000000000000000e+00
+8.7665004739103791e-01 +6.5214515486254598e-01 -2.5390597400203196e-58 +0.0000000000000000e+00
+8.7834995260896220e-01 +6.5214515486254598e-01 +1.9548032157389309e-58 +0.0000000000000000e+00
+8.7965284077898509e-01 +3.4785484513745302e-01 +5.3065702646077749e-58 +0.0000000000000000e+00

+8.8034715922101481e-01 +3.4785484513745302e-01 +1.2586509252878744e-56 +0.0000000000000000e+00
+8.8165004739103792e-01 +6.5214515486254598e-01 +7.6178350160587485e-57 +0.0000000000000000e+00
+8.8334995260896210e-01 +6.5214515486254598e-01 -5.7740755885825555e-57 +0.0000000000000000e+00
+8.8465284077898521e-01 +3.4785484513745302e-01 -1.5902553568778336e-56 +0.0000000000000000e+00

+8.8534715922101492e-01 +3.4785484513745302e-01 -2.9595700321902896e-55 +0.0000000000000000e+00
+8.8665004739103792e-01 +6.5214515486254598e-01 -1.8077535972460176e-55 +0.0000000000000000e+00
+8.8834995260896221e-01 +6.5214515486254598e-01 +1.3408276077891300e-55 +0.0000000000000000e+00
+8.8965284077898510e-01 +3.4785484513745302e-01 +3.7595262139692318e-55 +0.0000000000000000e+00

+8.9034715922101482e-01 +3.4785484513745302e-01 +5.6230147773934293e-54 +0.0000000000000000e+00
+8.9165004739103793e-01 +6.5214515486254598e-01 +3.4743722012317193e-54 +0.0000000000000000e+00
+8.9334995260896211e-01 +6.5214515486254598e-01 -2.4997146185407217e-54 +0.0000000000000000e+00
+8.9465284077898521e-01 +3.4785484513745302e-01 -7.1720359542783904e-54 +0.0000000000000000e+00

+8.9534715922101493e-01 +3.4785484513745302e-01 -8.6968189031104033e-53 +0.0000000000000000e+00
+8.9665004739103793e-01 +6.5214515486254598e-01 -5.4552697609225048e-53 +0.0000000000000000e+00
+8.9834995260896222e-01 +6.5214515486254598e-01 +3.7545902577335057e-53 +0.0000000000000000e+00
+8.9965284077898511e-01 +3.4785484513745302e-01 +1.1114923434188665e-52 +0.0000000000000000e+00

+9.0034715922101494e-01 +3.4785484513745302e-01 +1.0805624039877758e-51 +0.0000000000000000e+00
+9.0165004739103793e-01 +6.5214515486254598e-01 +6.9255431211418374e-52 +0.0000000000000000e+00
+9.0334995260896211e-01 +6.5214515486254598e-01 -4.4420304541609075e-52 +0.0000000000000000e+00
+9.0465284077898511e-01 +3.4785484513745302e-01 -1.3788928944318845e-51 +0.0000000000000000e+00

+9.0534715922101483e-01 +3.4785484513745302e-01 -1.0171970184750016e-50 +0.0000000000000000e+00
+9.0665004739103794e-01 +6.5214515486254598e-01 -6.7644068612187649e-51 +0.0000000000000000e+00
+9.0834995260896212e-01 +6.5214515486254598e-01 +3.7826226247844378e-51 +0.0000000000000000e+00
+9.0965284077898523e-01 +3.4785484513745302e-01 +1.2861699437465420e-50 +0.0000000000000000e+00

+9.1034715922101495e-01 +3.4785484513745302e-01 +5.7128030422055814e-50 +0.0000000000000000e+00
+9.1165004739103783e-01 +6.5214515486254598e-01 +4.2075075198689122e-50 +0.0000000000000000e+00
+9.1334995260896212e-01 +6.5214515486254598e-01 -1.4236567939164446e-50 +0.0000000000000000e+00
+9.1465284077898512e-01 +3.4785484513745302e-01 -6.9198308873232539e-50 +0.0000000000000000e+00

+9.1534715922101484e-01 +3.4785484513745302e-01 +1.8129508822743752e-49 +0.0000000000000000e+00
+9.1665004739103795e-01 +6.5214515486254598e-01 +4.1867585085381830e-50 +0.0000000000000000e+00
+9.1834995260896213e-01 +6.5214515486254598e-01 -2.0635211477006818e-49 +0.0000000000000000e+00
+9.1965284077898524e-01 +3.4785484513745302e-01 -2.9964249036510042e-49 +0.0000000000000000e+00

+9.2034715922101495e-01 +3.4785484513745302e-01 -9.5768007112010932e-48 +0.0000000000000000e+00
+9.2165004739103784e-01 +6.5214515486254598e-01 -5.4713719814196937e-48 +0.0000000000000000e+00
+9.2334995260896213e-01 +6.5214515486254598e-01 +5.2005967830850814e-48 +0.0000000000000000e+00
+9.2465284077898513e-01 +3.4785484513745302e-01 +1.3082183827256408e-47 +0.0000000000000000e+00

+9.2534715922101496e-01 +3.4785484513745302e-01 +1.3967605509843694e-46 +0.0000000000000000e+00
+9.2665004739103796e-01 +6.5214515486254598e-01 +8.6850967305452031e-47 +0.0000000000000000e+00
+9.2834995260896214e-01 +6.5214515486254598e-01 -6.3605501120009926e-47 +0.0000000000000000e+00
+9.2965284077898513e-01 +3.4785484513745302e-01 -1.8517265742601299e-46 +0.0000000000000000e+00

+9.3034715922101485e-01 +3.4785484513745302e-01 -1.2722248449754503e-45 +0.0000000000000000e+00
+9.3165004739103785e-01 +6.5214515486254598e-01 -8.4621201455529222e-46 +0.0000000000000000e+00
+9.3334995260896214e-01 +6.5214515486254598e-01 +4.8145950892114344e-46 +0.0000000000000000e+00
+9.3465284077898525e-01 +3.4785484513745302e-01 +1.6364471106983339e-45 +0.0000000000000000e+00

+9.3534715922101497e-01 +3.4785484513745302e-01 +6.4210846622373336e-45 +0.0000000000000000e+00
+9.3665004739103797e-01 +6.5214515486254598e-01 +4.8908889076131782e-45 +0.0000000000000000e+00
+9.3834995260896226e-01 +6.5214515486254598e-01 -1.2956777463225848e-45 +0.0000000000000000e+00
+9.3965284077898514e-01 +3.4785484513745302e-01 -7.5924621284509175e-45 +0.0000000000000000e+00

+9.4034715922101486e-01 +3.4785484513745302e-01 +1.6417225664798585e-44 +0.0000000000000000e+00
+9.4165004739103786e-01 +6.5214515486254598e-01 +1.6956693680987853e-45 +0.0000000000000000e+00
+9.4334995260896226e-01 +6.5214515486254598e-01 -2.3441579758034521e-44 +0.0000000000000000e+00
+9.4465284077898526e-01 +3.4785484513745302e-01 -3.2128202587803558e-44 +0.0000000000000000e+00

+9.4534715922101498e-01 +3.4785484513745302e-01 -7.4437542119211572e-43 +0.0000000000000000e+00
+9.4665004739103797e-01 +6.5214515486254598e-01 -4.1925805503827842e-43 +0.0000000000000000e+00
+9.4834995260896227e-01 +6.5214515486254598e-01 +4.2769227927513184e-43 +0.0000000000000000e+00
+9.4965284077898526e-01 +3.4785484513745302e-01 +1.0617309572236967e-42 +0.0000000000000000e+00

+9.5034715922101498e-01 +3.4785484513745302e-01 +8.5924788127439017e-42 +0.0000000000000000e+00
+9.5165004739103787e-01 +6.5214515486254598e-01 +5.4600499281341993e-42 +0.0000000000000000e+00
+9.5334995260896227e-01 +6.5214515486254598e-01 -3.7872118302470180e-42 +0.0000000000000000e+00
+9.5465284077898516e-01 +3.4785484513745302e-01 -1.1547922253691494e-41 +0.0000000000000000e+00

+9.5534715922101487e-01 +3.4785484513745302e-01 -5.6336799701076597e-41 +0.0000000000000000e+00
+9.5665004739103798e-01 +6.5214515486254598e-01 -4.0118157063772736e-41 +0.0000000000000000e+00
+9.5834995260896205e-01 +6.5214515486254598e-01 +1.6630140359398864e-41 +0.0000000000000000e+00
+9.5965284077898516e-01 +3.4785484513745302e-01 +7.0208520306376444e-41 +0.0000000000000000e+00

+9.6034715922101488e-01 +3.4785484513745302e-01 +1.0937365289982248e-40 +0.0000000000000000e+00
+9.6165004739103777e-01 +6.5214515486254598e-01 +1.2525792059970765e-40 +0.0000000000000000e+00
+9.6334995260896217e-01 +6.5214515486254598e-01 +5.9758536114256958e-41 +0.0000000000000000e+00
+9.6465284077898505e-01 +3.4785484513745302e-01 -6.9171408916159012e-41 +0.0000000000000000e+00

+9.6534715922101477e-01 +3.4785484513745302e-01 +2.3872558307675847e-39 +0.0000000000000000e+00
+9.6665004739103777e-01 +6.5214515486254598e-01 +1.1328745710896314e-39 +0.0000000000000000e+00
+9.6834995260896206e-01 +6.5214515486254598e-01 -1.8122109339931594e-39 +0.0000000000000000e+00
+9.6965284077898517e-01 +3.4785484513745302e-01 -3.7983484388011657e-39 +0.0000000000000000e+00

+9.7034715922101489e-01 +3.4785484513745302e-01 -3.4376427660225461e-38 +0.0000000000000000e+00
+9.7165004739103789e-01 +6.5214515486254598e-01 -2.1009059366581221e-38 +0.0000000000000000e+00
+9.7334995260896218e-01 +6.5214515486254598e-01 +1.7021275465942403e-38 +0.0000000000000000e+00
+9.7465284077898506e-01 +3.4785484513745302e-01 +4.8196083371782543e-38 +0.0000000000000000e+00

+9.7534715922101489e-01 +3.4785484513745302e-01 +2.4173666442079452e-37 +0.0000000000000000e+00
+9.7665004739103789e-01 +6.5214515486254598e-01 +1.6901548988998834e-37 +0.0000000000000000e+00
+9.7834995260896207e-01 +6.5214515486254598e-01 -7.8267617065571497e-38 +0.0000000000000000e+00
+9.7965284077898507e-01 +3.4785484513745302e-01 -3.0870923373355629e-37 +0.0000000000000000e+00

+9.8034715922101479e-01 +3.4785484513745302e-01 -5.9690523286833037e-37 +0.0000000000000000e+00
+9.8165004739103789e-01 +6.5214515486254598e-01 -6.0947399417540224e-37 +0.0000000000000000e+00
+9.8334995260896219e-01 +6.5214515486254598e-01 -1.8558471475935192e-37 +0.0000000000000000e+00
+9.8465284077898518e-01 +3.4785484513745302e-01 +4.7373288432360968e-37 +0.0000000000000000e+00

+9.8534715922101490e-01 +3.4785484513745302e-01 -5.5446436675877298e-36 +0.0000000000000000e+00
+9.8665004739103790e-01 +6.5214515486254598e-01 -2.0246438766799913e-36 +0.0000000000000000e+00
+9.8834995260896208e-01 +6.5214515486254598e-01 +5.6212656994070143e-36 +0.0000000000000000e+00
+9.8965284077898508e-01 +3.4785484513745302e-01 +1.0381891067861990e-35 +0.0000000000000000e+00

+9.9034715922101479e-01 +3.4785484513745302e-01 +9.3045450468294845e-35 +0.0000000000000000e+00
+9.9165004739103790e-01 +6.5214515486254598e-01 +5.5691253379125476e-35 +0.0000000000000000e+00
+9.9334995260896219e-01 +6.5214515486254598e-01 -4.9396685385689542e-35 +0.0000000000000000e+00
+9.9465284077898519e-01 +3.4785484513745302e-01 -1.3595976853274771e-34 +0.0000000000000000e+00

+9.9534715922101491e-01 +3.4785484513745302e-01 -6.2911356875039579e-34 +0.0000000000000000e+00
+9.9665004739103791e-01 +6.5214515486254598e-01 -4.4901990477524804e-34 +0.0000000000000000e+00
+9.9834995260896209e-01 +6.5214515486254598e-01 +1.7855148679238146e-34 +0.0000000000000000e+00
+9.9965284077898509e-01 +3.4785484513745302e-01 +7.6736510827638241e-34 +0.0000000000000000e+00


