+5.6350832689629150e-04 +5.5555555555555558e-01 +1.4927927318309034e-33 +0.0000000000000000e+00
+2.5000000000000001e-03 +8.8888888888888884e-01 +1.8656593059040440e-34 +0.0000000000000000e+00
+4.4364916731037089e-03 +5.5555555555555558e-01 -2.1409629437637620e-33 +0.0000000000000000e+00

+5.5635083268962921e-03 +5.5555555555555558e-01 -1.5067817892217353e-32 +0.0000000000000000e+00
+7.4999999999999997e-03 +8.8888888888888884e-01 -5.3812362148558642e-33 +0.0000000000000000e+00
+9.4364916731037099e-03 +5.5555555555555558e-01 +1.5601562865962232e-32 +0.0000000000000000e+00

+1.0563508326896292e-02 +5.5555555555555558e-01 +3.4426664839492339e-32 +0.0000000000000000e+00
+1.2500000000000001e-02 +8.8888888888888884e-01 +4.3795762583385624e-32 +0.0000000000000000e+00
+1.4436491673103707e-02 +5.5555555555555558e-01 +1.8819888538884911e-32 +0.0000000000000000e+00

+1.5563508326896291e-02 +5.5555555555555558e-01 +8.8733403585432722e-31 +0.0000000000000000e+00
+1.7500000000000002e-02 +8.8888888888888884e-01 -1.3864556815990058e-32 +0.0000000000000000e+00
+1.9436491673103712e-02 +5.5555555555555558e-01 -1.4981215939564247e-30 +0.0000000000000000e+00

+2.0563508326896292e-02 +5.5555555555555558e-01 -1.1727373135766187e-29 +0.0000000000000000e+00
+2.2499999999999999e-02 +8.8888888888888884e-01 -3.4831732039248668e-30 +0.0000000000000000e+00
+2.4436491673103709e-02 +5.5555555555555558e-01 +1.3433072459299911e-29 +0.0000000000000000e+00

+2.5563508326896293e-02 +5.5555555555555558e-01 +4.9419437128707543e-29 +0.0000000000000000e+00
+2.7500000000000000e-02 +8.8888888888888884e-01 +3.6831744093401393e-29 +0.0000000000000000e+00
+2.9436491673103707e-02 +5.5555555555555558e-01 -1.7162457703058133e-29 +0.0000000000000000e+00

+3.0563508326896291e-02 +5.5555555555555558e-01 +3.3815477597655628e-28 +0.0000000000000000e+00
+3.2500000000000001e-02 +8.8888888888888884e-01 -1.0526720977121066e-28 +0.0000000000000000e+00
+3.4436491673103711e-02 +5.5555555555555558e-01 -7.6077858854311400e-28 +0.0000000000000000e+00

+3.5563508326896295e-02 +5.5555555555555558e-01 -6.0786406219328932e-27 +0.0000000000000000e+00
+3.7500000000000006e-02 +8.8888888888888884e-01 -1.5278515537040302e-27 +0.0000000000000000e+00
+3.9436491673103716e-02 +5.5555555555555558e-01 +7.5211407265271260e-27 +0.0000000000000000e+00

+4.0563508326896293e-02 +5.5555555555555558e-01 +3.0428432634957332e-26 +0.0000000000000000e+00
+4.2499999999999996e-02 +8.8888888888888884e-01 +2.0042591816761060e-26 +0.0000000000000000e+00
+4.4436491673103706e-02 +5.5555555555555558e-01 -1.4933249030214329e-26 +0.0000000000000000e+00

+4.5563508326896290e-02 +5.5555555555555558e-01 +9.9048487114552491e-26 +0.0000000000000000e+00
+4.7500000000000001e-02 +8.8888888888888884e-01 -7.5232667556196501e-26 +0.0000000000000000e+00
+4.9436491673103711e-02 +5.5555555555555558e-01 -3.0913678840456082e-25 +0.0000000000000000e+00

+5.0563508326896295e-02 +5.5555555555555558e-01 -2.3602919637830585e-24 +0.0000000000000000e+00
+5.2500000000000005e-02 +8.8888888888888884e-01 -5.3271783799978191e-25 +0.0000000000000000e+00
+5.4436491673103708e-02 +5.5555555555555558e-01 +3.0559628938727223e-24 +0.0000000000000000e+00

+5.5563508326896292e-02 +5.5555555555555558e-01 +1.2223846483117884e-23 +0.0000000000000000e+00
+5.7499999999999996e-02 +8.8888888888888884e-01 +8.0332710347671446e-24 +0.0000000000000000e+00
+5.9436491673103706e-02 +5.5555555555555558e-01 -5.9052558091076362e-24 +0.0000000000000000e+00

+6.0563508326896290e-02 +5.5555555555555558e-01 +2.6224069727438755e-23 +0.0000000000000000e+00
+6.2500000000000000e-02 +8.8888888888888884e-01 -3.1414819749400062e-23 +0.0000000000000000e+00
+6.4436491673103710e-02 +5.5555555555555558e-01 -1.0514097465996340e-22 +0.0000000000000000e+00

+6.5563508326896294e-02 +5.5555555555555558e-01 -7.2267063832333874e-22 +0.0000000000000000e+00
+6.7500000000000004e-02 +8.8888888888888884e-01 -1.6349622237552436e-22 +0.0000000000000000e+00
+6.9436491673103715e-02 +5.5555555555555558e-01 +9.4128062717798360e-22 +0.0000000000000000e+00

+7.0563508326896299e-02 +5.5555555555555558e-01 +3.5519094487567830e-21 +0.0000000000000000e+00
+7.2500000000000009e-02 +8.8888888888888884e-01 +2.5012057532481227e-21 +0.0000000000000000e+00
+7.4436491673103705e-02 +5.5555555555555558e-01 -1.3570160844558023e-21 +0.0000000000000000e+00

+7.5563508326896289e-02 +5.5555555555555558e-01 +6.9670988912399543e-21 +0.0000000000000000e+00
+7.7499999999999999e-02 +8.8888888888888884e-01 -9.0246526905193287e-21 +0.0000000000000000e+00
+7.9436491673103710e-02 +5.5555555555555558e-01 -2.9714786083221180e-20 +0.0000000000000000e+00

+8.0563508326896294e-02 +5.5555555555555558e-01 -1.7672093975774842e-19 +0.0000000000000000e+00
+8.2500000000000004e-02 +8.8888888888888884e-01 -4.5293809130624982e-20 +0.0000000000000000e+00
+8.4436491673103714e-02 +5.5555555555555558e-01 +2.2105592713287772e-19 +0.0000000000000000e+00

+8.5563508326896298e-02 +5.5555555555555558e-01 +7.6779501307801631e-19 +0.0000000000000000e+00
+8.7499999999999994e-02 +8.8888888888888884e-01 +6.1205862584022004e-19 +0.0000000000000000e+00
+8.9436491673103705e-02 +5.5555555555555558e-01 -1.4325714198205402e-19 +0.0000000000000000e+00

+9.0563508326896289e-02 +5.5555555555555558e-01 +1.7670459428515716e-18 +0.0000000000000000e+00
+9.2499999999999999e-02 +8.8888888888888884e-01 -1.8375993366058804e-18 +0.0000000000000000e+00
+9.4436491673103709e-02 +5.5555555555555558e-01 -6.7552752851145307e-18 +0.0000000000000000e+00

+9.5563508326896293e-02 +5.5555555555555558e-01 -3.4161153271195276e-17 +0.0000000000000000e+00
+9.7500000000000003e-02 +8.8888888888888884e-01 -1.0833196955764885e-17 +0.0000000000000000e+00
+9.9436491673103714e-02 +5.5555555555555558e-01 +3.8755424399355814e-17 +0.0000000000000000e+00

+1.0056350832689630e-01 +5.5555555555555558e-01 +1.2201183363988628e-16 +0.0000000000000000e+00
+1.0250000000000001e-01 +8.8888888888888884e-01 +1.1619849140930663e-16 +0.0000000000000000e+00
+1.0443649167310370e-01 +5.5555555555555558e-01 +1.7213442604508844e-17 +0.0000000000000000e+00

+1.0556350832689629e-01 +5.5555555555555558e-01 +3.8063989297727641e-16 +0.0000000000000000e+00
+1.0750000000000000e-01 +8.8888888888888884e-01 -2.5373341695030078e-16 +0.0000000000000000e+00
+1.0943649167310371e-01 +5.5555555555555558e-01 -1.1871019582502284e-15 +0.0000000000000000e+00

+1.1056350832689629e-01 +5.5555555555555558e-01 -5.1028120003181502e-15 +0.0000000000000000e+00
+1.1250000000000000e-01 +8.8888888888888884e-01 -2.0987375186011689e-15 +0.0000000000000000e+00
+1.1443649167310371e-01 +5.5555555555555558e-01 +4.8230406145433681e-15 +0.0000000000000000e+00

+1.1556350832689630e-01 +5.5555555555555558e-01 +1.3607460459183625e-14 +0.0000000000000000e+00
+1.1749999999999999e-01 +8.8888888888888884e-01 +1.6626439701293029e-14 +0.0000000000000000e+00
+1.1943649167310370e-01 +5.5555555555555558e-01 +9.7217991733190893e-15 +0.0000000000000000e+00

+1.2056350832689629e-01 +5.5555555555555558e-01 +6.4177925178063248e-14 +0.0000000000000000e+00
+1.2250000000000000e-01 +8.8888888888888884e-01 -1.9629758507131975e-14 +0.0000000000000000e+00
+1.2443649167310371e-01 +5.5555555555555558e-01 -1.5445121712520630e-13 +0.0000000000000000e+00

+1.2556350832689628e-01 +5.5555555555555558e-01 -5.7630067856434132e-13 +0.0000000000000000e+00
+1.2750000000000000e-01 +8.8888888888888884e-01 -3.1116851121942139e-13 +0.0000000000000000e+00
+1.2943649167310373e-01 +5.5555555555555558e-01 +3.9039717844467322e-13 +0.0000000000000000e+00

+1.3056350832689628e-01 +5.5555555555555558e-01 +9.5970250151107730e-13 +0.0000000000000000e+00
+1.3250000000000001e-01 +8.8888888888888884e-01 +1.7381991977876020e-12 +0.0000000000000000e+00
+1.3443649167310373e-01 +5.5555555555555558e-01 +1.8764358651762949e-12 +0.0000000000000000e+00

+1.3556350832689629e-01 +5.5555555555555558e-01 +8.0493453669689890e-12 +0.0000000000000000e+00
+1.3750000000000001e-01 +8.8888888888888884e-01 -7.8862664056610985e-13 +0.0000000000000000e+00
+1.3943649167310374e-01 +5.5555555555555558e-01 -1.4326450266625035e-11 +0.0000000000000000e+00

+1.4056350832689629e-01 +5.5555555555555558e-01 -4.4792439415456685e-11 +0.0000000000000000e+00
+1.4250000000000002e-01 +8.8888888888888884e-01 -3.2487114665343272e-11 +0.0000000000000000e+00
+1.4443649167310368e-01 +5.5555555555555558e-01 +1.0768007731564293e-11 +0.0000000000000000e+00

+1.4556350832689627e-01 +5.5555555555555558e-01 +1.5050427911062184e-11 +0.0000000000000000e+00
+1.4749999999999999e-01 +8.8888888888888884e-01 +1.2688478188922685e-10 +0.0000000000000000e+00
+1.4943649167310372e-01 +5.5555555555555558e-01 +2.2997343451560384e-10 +0.0000000000000000e+00

+1.5056350832689630e-01 +5.5555555555555558e-01 +7.2213425716444339e-10 +0.0000000000000000e+00
+1.5250000000000000e-01 +8.8888888888888884e-01 +1.4010768105197951e-10 +0.0000000000000000e+00
+1.5443649167310369e-01 +5.5555555555555558e-01 -6.8302346375325406e-10 +0.0000000000000000e+00

+1.5556350832689628e-01 +5.5555555555555558e-01 -1.4453339398872652e-09 +0.0000000000000000e+00
+1.5750000000000000e-01 +8.8888888888888884e-01 -2.0444159865989625e-09 +0.0000000000000000e+00
+1.5943649167310373e-01 +5.5555555555555558e-01 -1.8076556808216384e-09 +0.0000000000000000e+00

+1.6056350832689631e-01 +5.5555555555555558e-01 -3.3175624242171739e-09 +0.0000000000000000e+00
+1.6250000000000001e-01 +8.8888888888888884e-01 +4.9211735324569780e-09 +0.0000000000000000e+00
+1.6443649167310370e-01 +5.5555555555555558e-01 +1.9209623349713355e-08 +0.0000000000000000e+00

+1.6556350832689629e-01 +5.5555555555555558e-01 +5.7458950499782707e-08 +0.0000000000000000e+00
+1.6750000000000001e-01 +8.8888888888888884e-01 +1.1354822811727130e-07 +0.0000000000000000e+00
+1.6943649167310373e-01 +5.5555555555555558e-01 +1.8583786146330354e-07 +0.0000000000000000e+00

+1.7056350832689632e-01 +5.5555555555555558e-01 +1.1785988327664590e-06 +0.0000000000000000e+00
+1.7250000000000001e-01 +8.8888888888888884e-01 +2.3277452200967582e-06 +0.0000000000000000e+00
+1.7443649167310371e-01 +5.5555555555555558e-01 +3.8190879449281498e-06 +0.0000000000000000e+00

+1.7556350832689629e-01 +5.5555555555555558e-01 +2.0280828479298314e-05 +0.0000000000000000e+00
+1.7749999999999999e-01 +8.8888888888888884e-01 +3.9448759906085057e-05 +0.0000000000000000e+00
+1.7943649167310372e-01 +5.5555555555555558e-01 +6.4534418718125211e-05 +0.0000000000000000e+00

+1.8056350832689630e-01 +5.5555555555555558e-01 +2.7577664513410096e-04 +0.0000000000000000e+00
+1.8250000000000000e-01 +8.8888888888888884e-01 +5.2337964933144834e-04 +0.0000000000000000e+00
+1.8443649167310369e-01 +5.5555555555555558e-01 +8.5417190787271692e-04 +0.0000000000000000e+00

+1.8556350832689628e-01 +5.5555555555555558e-01 +2.8909521068137575e-03 +0.0000000000000000e+00
+1.8750000000000000e-01 +8.8888888888888884e-01 +5.2917897201882943e-03 +0.0000000000000000e+00
+1.8943649167310372e-01 +5.5555555555555558e-01 +8.6511868511411228e-03 +0.0000000000000000e+00

+1.9056350832689631e-01 +5.5555555555555558e-01 +2.3175828539619608e-02 +0.0000000000000000e+00
+1.9250000000000000e-01 +8.8888888888888884e-01 +4.0637768047826942e-02 +0.0000000000000000e+00
+1.9443649167310370e-01 +5.5555555555555558e-01 +6.6501456894613412e-02 +0.0000000000000000e+00

+1.9556350832689628e-01 +5.5555555555555558e-01 +1.4915942409644073e-01 +0.0000000000000000e+00
+1.9750000000000001e-01 +8.8888888888888884e-01 +2.6628811698571758e-01 +0.0000000000000000e+00
+1.9943649167310373e-01 +5.5555555555555558e-01 +4.1861641732648136e-01 +0.0000000000000000e+00

+2.0056350832689632e-01 +5.5555555555555558e-01 +5.8292390382951853e-01 +1.0000000000000000e+00
+2.0250000000000001e-01 +8.8888888888888884e-01 +7.3549859080918667e-01 +1.0000000000000000e+00
+2.0443649167310371e-01 +5.5555555555555558e-01 +8.5291616699268546e-01 +1.0000000000000000e+00

+2.0556350832689629e-01 +5.5555555555555558e-01 +9.3952675249521467e-01 +1.0000000000000000e+00
+2.0750000000000002e-01 +8.8888888888888884e-01 +9.5981100725861634e-01 +1.0000000000000000e+00
+2.0943649167310371e-01 +5.5555555555555558e-01 +9.7483787981332781e-01 +1.0000000000000000e+00

+2.1056350832689630e-01 +5.5555555555555558e-01 +9.8529534122064522e-01 +1.0000000000000000e+00
+2.1249999999999999e-01 +8.8888888888888884e-01 +9.9174898175020543e-01 +1.0000000000000000e+00
+2.1443649167310369e-01 +5.5555555555555558e-01 +9.9544912873246816e-01 +1.0000000000000000e+00

+2.1556350832689627e-01 +5.5555555555555558e-01 +9.9869198196526376e-01 +1.0000000000000000e+00
+2.1750000000000000e-01 +8.8888888888888884e-01 +9.9909979568072127e-01 +1.0000000000000000e+00
+2.1943649167310372e-01 +5.5555555555555558e-01 +9.9942759015903804e-01 +1.0000000000000000e+00

+2.2056350832689631e-01 +5.5555555555555558e-01 +9.9963020096326627e-01 +1.0000000000000000e+00
+2.2250000000000000e-01 +8.8888888888888884e-01 +9.9980186517936165e-01 +1.0000000000000000e+00
+2.2443649167310370e-01 +5.5555555555555558e-01 +9.9990293645468631e-01 +1.0000000000000000e+00

+2.2556350832689628e-01 +5.5555555555555558e-01 +9.9998892880431367e-01 +1.0000000000000000e+00
+2.2750000000000001e-01 +8.8888888888888884e-01 +9.9999066008640969e-01 +1.0000000000000000e+00
+2.2943649167310373e-01 +5.5555555555555558e-01 +9.9999238814982117e-01 +1.0000000000000000e+00

+2.3056350832689632e-01 +5.5555555555555558e-01 +9.9999337020238777e-01 +1.0000000000000000e+00
+2.3250000000000001e-01 +8.8888888888888884e-01 +9.9999511233962268e-01 +1.0000000000000000e+00
+2.3443649167310371e-01 +5.5555555555555558e-01 +9.9999686273769106e-01 +1.0000000000000000e+00

+2.3556350832689629e-01 +5.5555555555555558e-01 +9.9999934712001348e-01 +1.0000000000000000e+00
+2.3749999999999999e-01 +8.8888888888888884e-01 +9.9999956248110844e-01 +1.0000000000000000e+00
+2.3943649167310371e-01 +5.5555555555555558e-01 +9.9999973312523194e-01 +1.0000000000000000e+00

+2.4056350832689627e-01 +5.5555555555555558e-01 +9.9999984801945208e-01 +1.0000000000000000e+00
+2.4249999999999999e-01 +8.8888888888888884e-01 +9.9999991948937583e-01 +1.0000000000000000e+00
+2.4443649167310369e-01 +5.5555555555555558e-01 +9.9999996003793745e-01 +1.0000000000000000e+00

+2.4556350832689627e-01 +5.5555555555555558e-01 +9.9999998377106047e-01 +1.0000000000000000e+00
+2.4750000000000000e-01 +8.8888888888888884e-01 +9.9999999687148566e-01 +1.0000000000000000e+00
+2.4943649167310372e-01 +5.5555555555555558e-01 +1.0000000045083099e+00 +1.0000000000000000e+00

+2.5056350832689628e-01 +5.5555555555555558e-01 +1.0000000023926918e+00 +1.0000000000000000e+00
+2.5250000000000000e-01 +8.8888888888888884e-01 +1.0000000021614752e+00 +1.0000000000000000e+00
+2.5443649167310373e-01 +5.5555555555555558e-01 +1.0000000011890529e+00 +1.0000000000000000e+00

+2.5556350832689634e-01 +5.5555555555555558e-01 +1.0000000007965362e+00 +1.0000000000000000e+00
+2.5750000000000001e-01 +8.8888888888888884e-01 +9.9999999998290612e-01 +1.0000000000000000e+00
+2.5943649167310373e-01 +5.5555555555555558e-01 +9.9999999943265094e-01 +1.0000000000000000e+00

+2.6056350832689629e-01 +5.5555555555555558e-01 +9.9999999974361942e-01 +1.0000000000000000e+00
+2.6250000000000001e-01 +8.8888888888888884e-01 +9.9999999976967358e-01 +1.0000000000000000e+00
+2.6443649167310374e-01 +5.5555555555555558e-01 +9.9999999986867272e-01 +1.0000000000000000e+00

+2.6556350832689635e-01 +5.5555555555555558e-01 +9.9999999993236144e-01 +1.0000000000000000e+00
+2.6750000000000002e-01 +8.8888888888888884e-01 +1.0000000000086486e+00 +1.0000000000000000e+00
+2.6943649167310374e-01 +5.5555555555555558e-01 +1.0000000000512890e+00 +1.0000000000000000e+00

+2.7056350832689630e-01 +5.5555555555555558e-01 +1.0000000000230953e+00 +1.0000000000000000e+00
+2.7250000000000002e-01 +8.8888888888888884e-01 +1.0000000000172491e+00 +1.0000000000000000e+00
+2.7443649167310374e-01 +5.5555555555555558e-01 +1.0000000000069145e+00 +1.0000000000000000e+00

+2.7556350832689636e-01 +5.5555555555555558e-01 +1.0000000000033709e+00 +1.0000000000000000e+00
+2.7750000000000002e-01 +8.8888888888888884e-01 +9.9999999999710476e-01 +1.0000000000000000e+00
+2.7943649167310375e-01 +5.5555555555555558e-01 +9.9999999999467615e-01 +1.0000000000000000e+00

+2.8056350832689630e-01 +5.5555555555555558e-01 +9.9999999999793276e-01 +1.0000000000000000e+00
+2.8250000000000003e-01 +8.8888888888888884e-01 +9.9999999999916667e-01 +1.0000000000000000e+00
+2.8443649167310370e-01 +5.5555555555555558e-01 +1.0000000000001645e+00 +1.0000000000000000e+00

+2.8556350832689631e-01 +5.5555555555555558e-01 +1.0000000000000333e+00 +1.0000000000000000e+00
+2.8749999999999998e-01 +8.8888888888888884e-01 +1.0000000000003417e+00 +1.0000000000000000e+00
+2.8943649167310370e-01 +5.5555555555555558e-01 +1.0000000000003824e+00 +1.0000000000000000e+00

+2.9056350832689626e-01 +5.5555555555555558e-01 +1.0000000000001323e+00 +1.0000000000000000e+00
+2.9249999999999998e-01 +8.8888888888888884e-01 +9.9999999999999001e-01 +1.0000000000000000e+00
+2.9443649167310371e-01 +5.5555555555555558e-01 +9.9999999999991340e-01 +1.0000000000000000e+00

+2.9556350832689626e-01 +5.5555555555555558e-01 +9.9999999999996914e-01 +1.0000000000000000e+00
+2.9749999999999999e-01 +8.8888888888888884e-01 +9.9999999999997224e-01 +1.0000000000000000e+00
+2.9943649167310371e-01 +5.5555555555555558e-01 +9.9999999999998312e-01 +1.0000000000000000e+00

+3.0056350832689632e-01 +5.5555555555555558e-01 +9.9999999999999123e-01 +1.0000000000000000e+00
+3.0249999999999999e-01 +8.8888888888888884e-01 +1.0000000000000007e+00 +1.0000000000000000e+00
+3.0443649167310366e-01 +5.5555555555555558e-01 +1.0000000000000042e+00 +1.0000000000000000e+00

+3.0556350832689627e-01 +5.5555555555555558e-01 +9.9999999999999833e-01 +1.0000000000000000e+00
+3.0750000000000000e-01 +8.8888888888888884e-01 +9.9999999999999689e-01 +1.0000000000000000e+00
+3.0943649167310372e-01 +5.5555555555555558e-01 +9.9999999999999711e-01 +1.0000000000000000e+00

+3.1056350832689628e-01 +5.5555555555555558e-01 +1.0000000000000016e+00 +1.0000000000000000e+00
+3.1250000000000000e-01 +8.8888888888888884e-01 +9.9999999999999822e-01 +1.0000000000000000e+00
+3.1443649167310372e-01 +5.5555555555555558e-01 +9.9999999999999167e-01 +1.0000000000000000e+00

+3.1556350832689628e-01 +5.5555555555555558e-01 +9.9999999999998324e-01 +1.0000000000000000e+00
+3.1750000000000000e-01 +8.8888888888888884e-01 +9.9999999999998024e-01 +1.0000000000000000e+00
+3.1943649167310373e-01 +5.5555555555555558e-01 +9.9999999999998701e-01 +1.0000000000000000e+00

+3.2056350832689634e-01 +5.5555555555555558e-01 +9.9999999999993183e-01 +1.0000000000000000e+00
+3.2250000000000001e-01 +8.8888888888888884e-01 +1.0000000000000151e+00 +1.0000000000000000e+00
+3.2443649167310368e-01 +5.5555555555555558e-01 +1.0000000000001494e+00 +1.0000000000000000e+00

+3.2556350832689629e-01 +5.5555555555555558e-01 +1.0000000000005711e+00 +1.0000000000000000e+00
+3.2750000000000001e-01 +8.8888888888888884e-01 +1.0000000000003058e+00 +1.0000000000000000e+00
+3.2943649167310374e-01 +5.5555555555555558e-01 +9.9999999999960498e-01 +1.0000000000000000e+00

+3.3056350832689629e-01 +5.5555555555555558e-01 +9.9999999999903655e-01 +1.0000000000000000e+00
+3.3250000000000002e-01 +8.8888888888888884e-01 +9.9999999999825828e-01 +1.0000000000000000e+00
+3.3443649167310374e-01 +5.5555555555555558e-01 +9.9999999999812050e-01 +1.0000000000000000e+00

+3.3556350832689630e-01 +5.5555555555555558e-01 +9.9999999999194744e-01 +1.0000000000000000e+00
+3.3750000000000002e-01 +8.8888888888888884e-01 +1.0000000000007840e+00 +1.0000000000000000e+00
+3.3943649167310375e-01 +5.5555555555555558e-01 +1.0000000000143225e+00 +1.0000000000000000e+00

+3.4056350832689636e-01 +5.5555555555555558e-01 +1.0000000000447884e+00 +1.0000000000000000e+00
+3.4250000000000003e-01 +8.8888888888888884e-01 +1.0000000000324822e+00 +1.0000000000000000e+00
+3.4443649167310370e-01 +5.5555555555555558e-01 +9.9999999998922795e-01 +1.0000000000000000e+00

+3.4556350832689631e-01 +5.5555555555555558e-01 +9.9999999998494593e-01 +1.0000000000000000e+00
+3.4750000000000003e-01 +8.8888888888888884e-01 +9.9999999987311150e-01 +1.0000000000000000e+00
+3.4943649167310376e-01 +5.5555555555555558e-01 +9.9999999977002185e-01 +1.0000000000000000e+00

+3.5056350832689631e-01 +5.5555555555555558e-01 +9.9999999927785965e-01 +1.0000000000000000e+00
+3.5250000000000004e-01 +8.8888888888888884e-01 +9.9999999985988541e-01 +1.0000000000000000e+00
+3.5443649167310370e-01 +5.5555555555555558e-01 +1.0000000006830163e+00 +1.0000000000000000e+00

+3.5556350832689626e-01 +5.5555555555555558e-01 +1.0000000014453274e+00 +1.0000000000000000e+00
+3.5749999999999998e-01 +8.8888888888888884e-01 +1.0000000020444098e+00 +1.0000000000000000e+00
+3.5943649167310371e-01 +5.5555555555555558e-01 +1.0000000018076500e+00 +1.0000000000000000e+00

+3.6056350832689632e-01 +5.5555555555555558e-01 +1.0000000033175571e+00 +1.0000000000000000e+00
+3.6249999999999999e-01 +8.8888888888888884e-01 +9.9999999507882165e-01 +1.0000000000000000e+00
+3.6443649167310366e-01 +5.5555555555555558e-01 +9.9999998079037233e-01 +1.0000000000000000e+00

+3.6556350832689627e-01 +5.5555555555555558e-01 +9.9999994254104552e-01 +1.0000000000000000e+00
+3.6749999999999999e-01 +8.8888888888888884e-01 +9.9999988645176785e-01 +1.0000000000000000e+00
+3.6943649167310366e-01 +5.5555555555555558e-01 +9.9999981416213535e-01 +1.0000000000000000e+00

+3.7056350832689627e-01 +5.5555555555555558e-01 +9.9999882140116436e-01 +1.0000000000000000e+00
+3.7250000000000000e-01 +8.8888888888888884e-01 +9.9999767225477654e-01 +1.0000000000000000e+00
+3.7443649167310372e-01 +5.5555555555555558e-01 +9.9999618091205289e-01 +1.0000000000000000e+00

+3.7556350832689628e-01 +5.5555555555555558e-01 +9.9997971917151751e-01 +1.0000000000000000e+00
+3.7750000000000000e-01 +8.8888888888888884e-01 +9.9996055124008953e-01 +1.0000000000000000e+00
+3.7943649167310373e-01 +5.5555555555555558e-01 +9.9993546558127600e-01 +1.0000000000000000e+00

+3.8056350832689634e-01 +5.5555555555555558e-01 +9.9972422335486077e-01 +1.0000000000000000e+00
+3.8250000000000001e-01 +8.8888888888888884e-01 +9.9947662035066309e-01 +1.0000000000000000e+00
+3.8443649167310373e-01 +5.5555555555555558e-01 +9.9914582809212227e-01 +1.0000000000000000e+00

+3.8556350832689634e-01 +5.5555555555555558e-01 +9.9710904789318011e-01 +1.0000000000000000e+00
+3.8750000000000001e-01 +8.8888888888888884e-01 +9.9470821027980438e-01 +1.0000000000000000e+00
+3.8943649167310368e-01 +5.5555555555555558e-01 +9.9134881314885070e-01 +1.0000000000000000e+00

+3.9056350832689629e-01 +5.5555555555555558e-01 +9.7682417146037315e-01 +1.0000000000000000e+00
+3.9250000000000002e-01 +8.8888888888888884e-01 +9.5936223195216641e-01 +1.0000000000000000e+00
+3.9443649167310374e-01 +5.5555555555555558e-01 +9.3349854310538094e-01 +1.0000000000000000e+00

+3.9556350832689630e-01 +5.5555555555555558e-01 +8.5084057590355300e-01 +1.0000000000000000e+00
+3.9750000000000002e-01 +8.8888888888888884e-01 +7.3371188301427637e-01 +1.0000000000000000e+00
+3.9943649167310374e-01 +5.5555555555555558e-01 +5.8138358267351198e-01 +1.0000000000000000e+00

+4.0056350832689636e-01 +5.5555555555555558e-01 +4.1707609617047275e-01 +0.0000000000000000e+00
+4.0250000000000002e-01 +8.8888888888888884e-01 +2.6450140919080495e-01 +0.0000000000000000e+00
+4.0443649167310375e-01 +5.5555555555555558e-01 +1.4708383300730790e-01 +0.0000000000000000e+00

+4.0556350832689636e-01 +5.5555555555555558e-01 +6.0473247504781190e-02 +0.0000000000000000e+00
+4.0750000000000003e-01 +8.8888888888888884e-01 +4.0188992741379714e-02 +0.0000000000000000e+00
+4.0943649167310370e-01 +5.5555555555555558e-01 +2.5162120186668219e-02 +0.0000000000000000e+00

+4.1056350832689631e-01 +5.5555555555555558e-01 +1.4704658779352226e-02 +0.0000000000000000e+00
+4.1250000000000003e-01 +8.8888888888888884e-01 +8.2510182497892038e-03 +0.0000000000000000e+00
+4.1443649167310376e-01 +5.5555555555555558e-01 +4.5508712675259959e-03 +0.0000000000000000e+00

+4.1556350832689631e-01 +5.5555555555555558e-01 +1.3080180347292069e-03 +0.0000000000000000e+00
+4.1749999999999998e-01 +8.8888888888888884e-01 +9.0020431927238472e-04 +0.0000000000000000e+00
+4.1943649167310371e-01 +5.5555555555555558e-01 +5.7240984095608164e-04 +0.0000000000000000e+00

+4.2056350832689626e-01 +5.5555555555555558e-01 +3.6979903672825182e-04 +0.0000000000000000e+00
+4.2249999999999999e-01 +8.8888888888888884e-01 +1.9813482063329329e-04 +0.0000000000000000e+00
+4.2443649167310371e-01 +5.5555555555555558e-01 +9.7063545309040845e-05 +0.0000000000000000e+00

+4.2556350832689632e-01 +5.5555555555555558e-01 +1.1071195682176461e-05 +0.0000000000000000e+00
+4.2749999999999999e-01 +8.8888888888888884e-01 +9.3399135858970712e-06 +0.0000000000000000e+00
+4.2943649167310366e-01 +5.5555555555555558e-01 +7.6118501744289381e-06 +0.0000000000000000e+00

+4.3056350832689627e-01 +5.5555555555555558e-01 +6.6297976076806180e-06 +0.0000000000000000e+00
+4.3250000000000000e-01 +8.8888888888888884e-01 +4.8876603726813250e-06 +0.0000000000000000e+00
+4.3443649167310372e-01 +5.5555555555555558e-01 +3.1372623053981076e-06 +0.0000000000000000e+00

+4.3556350832689628e-01 +5.5555555555555558e-01 +6.5287998347513471e-07 +0.0000000000000000e+00
+4.3750000000000000e-01 +8.8888888888888884e-01 +4.3751888848388436e-07 +0.0000000000000000e+00
+4.3943649167310372e-01 +5.5555555555555558e-01 +2.6687476537490650e-07 +0.0000000000000000e+00

+4.4056350832689628e-01 +5.5555555555555558e-01 +1.5198054498352800e-07 +0.0000000000000000e+00
+4.4250000000000000e-01 +8.8888888888888884e-01 +8.0510620940426982e-08 +0.0000000000000000e+00
+4.4443649167310373e-01 +5.5555555555555558e-01 +3.9962059233239912e-08 +0.0000000000000000e+00

+4.4556350832689634e-01 +5.5555555555555558e-01 +1.6228936258754757e-08 +0.0000000000000000e+00
+4.4750000000000001e-01 +8.8888888888888884e-01 +3.1285107067998661e-09 +0.0000000000000000e+00
+4.4943649167310368e-01 +5.5555555555555558e-01 -4.5083136451936650e-09 +0.0000000000000000e+00

+4.5056350832689629e-01 +5.5555555555555558e-01 -2.3926957196525401e-09 +0.0000000000000000e+00
+4.5250000000000001e-01 +8.8888888888888884e-01 -2.1614798706258940e-09 +0.0000000000000000e+00
+4.5443649167310374e-01 +5.5555555555555558e-01 -1.1890569488148205e-09 +0.0000000000000000e+00

+4.5556350832689629e-01 +5.5555555555555558e-01 -7.9653998409865278e-10 +0.0000000000000000e+00
+4.5750000000000002e-01 +8.8888888888888884e-01 +1.7090277322668734e-11 +0.0000000000000000e+00
+4.5943649167310374e-01 +5.5555555555555558e-01 +5.6734501381229182e-10 +0.0000000000000000e+00

+4.6056350832689630e-01 +5.5555555555555558e-01 +2.5637661532787725e-10 +0.0000000000000000e+00
+4.6250000000000002e-01 +8.8888888888888884e-01 +2.3032170546902871e-10 +0.0000000000000000e+00
+4.6443649167310375e-01 +5.5555555555555558e-01 +1.3132235849789353e-10 +0.0000000000000000e+00

+4.6556350832689636e-01 +5.5555555555555558e-01 +6.7632887697335716e-11 +0.0000000000000000e+00
+4.6750000000000003e-01 +8.8888888888888884e-01 -8.6538070254876651e-12 +0.0000000000000000e+00
+4.6943649167310370e-01 +5.5555555555555558e-01 -5.1294272283742132e-11 +0.0000000000000000e+00

+4.7056350832689631e-01 +5.5555555555555558e-01 -2.3098930710519091e-11 +0.0000000000000000e+00
+4.7250000000000003e-01 +8.8888888888888884e-01 -1.7252546724061235e-11 +0.0000000000000000e+00
+4.7443649167310376e-01 +5.5555555555555558e-01 -6.9176976549934496e-12 +0.0000000000000000e+00

+4.7556350832689631e-01 +5.5555555555555558e-01 -3.3740001969549370e-12 +0.0000000000000000e+00
+4.7750000000000004e-01 +8.8888888888888884e-01 +2.8914510384630018e-12 +0.0000000000000000e+00
+4.7943649167310370e-01 +5.5555555555555558e-01 +5.3195831187865561e-12 +0.0000000000000000e+00

+4.8056350832689626e-01 +5.5555555555555558e-01 +2.0618334884862213e-12 +0.0000000000000000e+00
+4.8249999999999998e-01 +8.8888888888888884e-01 +8.2764667373836146e-13 +0.0000000000000000e+00
+4.8443649167310371e-01 +5.5555555555555558e-01 -1.6907267806470148e-13 +0.0000000000000000e+00

+4.8556350832689632e-01 +5.5555555555555558e-01 -3.6240373944959169e-14 +0.0000000000000000e+00
+4.8749999999999999e-01 +8.8888888888888884e-01 -3.4467458699603769e-13 +0.0000000000000000e+00
+4.8943649167310366e-01 +5.5555555555555558e-01 -3.8529458182987278e-13 +0.0000000000000000e+00

+4.9056350832689627e-01 +5.5555555555555558e-01 -1.3620398636892744e-13 +0.0000000000000000e+00
+4.9249999999999999e-01 +8.8888888888888884e-01 +4.2985896714573491e-15 +0.0000000000000000e+00
+4.9443649167310366e-01 +5.5555555555555558e-01 +8.0728965573077942e-14 +0.0000000000000000e+00

+4.9556350832689627e-01 +5.5555555555555558e-01 +2.4905975781611984e-14 +0.0000000000000000e+00
+4.9750000000000000e-01 +8.8888888888888884e-01 +2.1570723191390220e-14 +0.0000000000000000e+00
+4.9943649167310372e-01 +5.5555555555555558e-01 +1.1343935111741671e-14 +0.0000000000000000e+00

+5.0056350832689633e-01 +5.5555555555555558e-01 +4.1368182568150170e-15 +0.0000000000000000e+00
+5.0249999999999995e-01 +8.8888888888888884e-01 -4.4816840053269394e-15 +0.0000000000000000e+00
+5.0443649167310367e-01 +5.5555555555555558e-01 -7.5460655996419029e-15 +0.0000000000000000e+00

+5.0556350832689634e-01 +5.5555555555555558e-01 -2.2694995138296231e-15 +0.0000000000000000e+00
+5.0750000000000006e-01 +8.8888888888888884e-01 -3.7805779048516492e-16 +0.0000000000000000e+00
+5.0943649167310379e-01 +5.5555555555555558e-01 +8.3131680241601565e-16 +0.0000000000000000e+00

+5.1056350832689634e-01 +5.5555555555555558e-01 +1.9733249725466314e-16 +0.0000000000000000e+00
+5.1249999999999996e-01 +8.8888888888888884e-01 +3.3211746739786275e-16 +0.0000000000000000e+00
+5.1443649167310368e-01 +5.5555555555555558e-01 +2.7543523668612556e-16 +0.0000000000000000e+00

+5.1556350832689635e-01 +5.5555555555555558e-01 +8.7075275656351097e-17 +0.0000000000000000e+00
+5.1750000000000007e-01 +8.8888888888888884e-01 -4.8869421952121401e-17 +0.0000000000000000e+00
+5.1943649167310368e-01 +5.5555555555555558e-01 -1.0573891972059156e-16 +0.0000000000000000e+00

+5.2056350832689635e-01 +5.5555555555555558e-01 -2.8068793920824354e-17 +0.0000000000000000e+00
+5.2249999999999996e-01 +8.8888888888888884e-01 -7.0261075942122298e-18 +0.0000000000000000e+00
+5.2443649167310369e-01 +5.5555555555555558e-01 +7.6799756904573473e-18 +0.0000000000000000e+00

+5.2556350832689636e-01 +5.5555555555555558e-01 +1.2573882451131125e-18 +0.0000000000000000e+00
+5.2750000000000008e-01 +8.8888888888888884e-01 +3.9570164340343297e-18 +0.0000000000000000e+00
+5.2943649167310380e-01 +5.5555555555555558e-01 +3.8684018871500493e-18 +0.0000000000000000e+00

+5.3056350832689636e-01 +5.5555555555555558e-01 +1.1279731678330915e-18 +0.0000000000000000e+00
+5.3249999999999997e-01 +8.8888888888888884e-01 -5.1291249505292167e-19 +0.0000000000000000e+00
+5.3443649167310370e-01 +5.5555555555555558e-01 -1.2306992216883979e-18 +0.0000000000000000e+00

+5.3556350832689636e-01 +5.5555555555555558e-01 -2.9470584447589725e-19 +0.0000000000000000e+00
+5.3750000000000009e-01 +8.8888888888888884e-01 -7.2455564404007760e-20 +0.0000000000000000e+00
+5.3943649167310370e-01 +5.5555555555555558e-01 +8.3495260504284155e-20 +0.0000000000000000e+00

+5.4056350832689637e-01 +5.5555555555555558e-01 +1.0195835937539197e-20 +0.0000000000000000e+00
+5.4249999999999998e-01 +8.8888888888888884e-01 +3.8608712232716381e-20 +0.0000000000000000e+00
+5.4443649167310371e-01 +5.5555555555555558e-01 +3.8662965019842749e-20 +0.0000000000000000e+00

+5.4556350832689637e-01 +5.5555555555555558e-01 +1.0811374445515367e-20 +0.0000000000000000e+00
+5.4750000000000010e-01 +8.8888888888888884e-01 -5.3202762849534468e-21 +0.0000000000000000e+00
+5.4943649167310382e-01 +5.5555555555555558e-01 -1.2268613732703662e-20 +0.0000000000000000e+00

+5.5056350832689638e-01 +5.5555555555555558e-01 -2.7191063444237982e-21 +0.0000000000000000e+00
+5.5249999999999999e-01 +8.8888888888888884e-01 -4.2547292441720639e-22 +0.0000000000000000e+00
+5.5443649167310372e-01 +5.5555555555555558e-01 +1.0622569861009654e-21 +0.0000000000000000e+00

+5.5556350832689638e-01 +5.5555555555555558e-01 +1.3780216695954732e-22 +0.0000000000000000e+00
+5.5750000000000011e-01 +8.8888888888888884e-01 +3.0386294495637694e-22 +0.0000000000000000e+00
+5.5943649167310372e-01 +5.5555555555555558e-01 +2.6949366333887999e-22 +0.0000000000000000e+00

+5.6056350832689639e-01 +5.5555555555555558e-01 +7.7013035041004334e-23 +0.0000000000000000e+00
+5.6250000000000000e-01 +8.8888888888888884e-01 -5.0532618773833598e-23 +0.0000000000000000e+00
+5.6443649167310372e-01 +5.5555555555555558e-01 -1.0193767288400430e-22 +0.0000000000000000e+00

+5.6556350832689639e-01 +5.5555555555555558e-01 -2.1637030892722834e-23 +0.0000000000000000e+00
+5.6750000000000012e-01 +8.8888888888888884e-01 -2.4108364397512388e-26 +0.0000000000000000e+00
+5.6943649167310373e-01 +5.5555555555555558e-01 +1.2392730843692810e-23 +0.0000000000000000e+00

+5.7056350832689628e-01 +5.5555555555555558e-01 +1.8417992380862218e-24 +0.0000000000000000e+00
+5.7250000000000001e-01 +8.8888888888888884e-01 +1.7903640062855540e-24 +0.0000000000000000e+00
+5.7443649167310384e-01 +5.5555555555555558e-01 +9.8357952033320131e-25 +0.0000000000000000e+00

+5.7556350832689640e-01 +5.5555555555555558e-01 +3.6025187716875054e-25 +0.0000000000000000e+00
+5.7750000000000001e-01 +8.8888888888888884e-01 -3.9431799087850872e-25 +0.0000000000000000e+00
+5.7943649167310363e-01 +5.5555555555555558e-01 -6.5717969316328643e-25 +0.0000000000000000e+00

+5.8056350832689629e-01 +5.5555555555555558e-01 -1.3953095393966688e-25 +0.0000000000000000e+00
+5.8250000000000002e-01 +8.8888888888888884e-01 +2.8317298334178413e-26 +0.0000000000000000e+00
+5.8443649167310363e-01 +5.5555555555555558e-01 +1.1288605054219105e-25 +0.0000000000000000e+00

+5.8556350832689619e-01 +5.5555555555555558e-01 +1.8390788752685177e-26 +0.0000000000000000e+00
+5.8749999999999991e-01 +8.8888888888888884e-01 +6.2503766839735203e-27 +0.0000000000000000e+00
+5.8943649167310364e-01 +5.5555555555555558e-01 -3.5477643104080025e-27 +0.0000000000000000e+00

+5.9056350832689630e-01 +5.5555555555555558e-01 +4.0225592201868772e-28 +0.0000000000000000e+00
+5.9250000000000003e-01 +8.8888888888888884e-01 -2.2559691742080503e-27 +0.0000000000000000e+00
+5.9443649167310364e-01 +5.5555555555555558e-01 -2.7959304675795815e-27 +0.0000000000000000e+00

+5.9556350832689620e-01 +5.5555555555555558e-01 -6.4524087648905975e-28 +0.0000000000000000e+00
+5.9749999999999992e-01 +8.8888888888888884e-01 +3.1560803570463189e-28 +0.0000000000000000e+00
+5.9943649167310376e-01 +5.5555555555555558e-01 +7.3364505779156748e-28 +0.0000000000000000e+00

+6.0056350832689631e-01 +5.5555555555555558e-01 +1.2845181823662591e-28 +0.0000000000000000e+00
+6.0250000000000004e-01 +8.8888888888888884e-01 -5.3035764087278130e-30 +0.0000000000000000e+00
+6.0443649167310365e-01 +5.5555555555555558e-01 -8.0942163817667001e-29 +0.0000000000000000e+00

+6.0556350832689632e-01 +5.5555555555555558e-01 -9.6413114311091875e-30 +0.0000000000000000e+00
+6.0749999999999993e-01 +8.8888888888888884e-01 -7.6367157477373991e-30 +0.0000000000000000e+00
+6.0943649167310365e-01 +5.5555555555555558e-01 -3.0123140039056677e-30 +0.0000000000000000e+00

+6.1056350832689621e-01 +5.5555555555555558e-01 -1.4379426618685695e-30 +0.0000000000000000e+00
+6.1250000000000004e-01 +8.8888888888888884e-01 +1.8522473750488686e-30 +0.0000000000000000e+00
+6.1443649167310377e-01 +5.5555555555555558e-01 +2.9384697560133870e-30 +0.0000000000000000e+00

+6.1556350832689632e-01 +5.5555555555555558e-01 +5.7389299052594138e-31 +0.0000000000000000e+00
+6.1749999999999994e-01 +8.8888888888888884e-01 -2.1369331464129964e-31 +0.0000000000000000e+00
+6.1943649167310366e-01 +5.5555555555555558e-01 -5.7857034984036397e-31 +0.0000000000000000e+00

+6.2056350832689633e-01 +5.5555555555555558e-01 -8.8782405543373077e-32 +0.0000000000000000e+00
+6.2250000000000005e-01 +8.8888888888888884e-01 +4.1231549229606754e-34 +0.0000000000000000e+00
+6.2443649167310367e-01 +5.5555555555555558e-01 +5.2696529784145218e-32 +0.0000000000000000e+00

+6.2556350832689622e-01 +5.5555555555555558e-01 +5.0291954530832555e-33 +0.0000000000000000e+00
+6.2749999999999995e-01 +8.8888888888888884e-01 +5.2647959787672928e-33 +0.0000000000000000e+00
+6.2943649167310367e-01 +5.5555555555555558e-01 +2.9808051240780265e-33 +0.0000000000000000e+00

+6.3056350832689634e-01 +5.5555555555555558e-01 +1.0837711521287199e-33 +0.0000000000000000e+00
+6.3250000000000006e-01 +8.8888888888888884e-01 -1.2001629639763493e-33 +0.0000000000000000e+00
+6.3443649167310368e-01 +5.5555555555555558e-01 -1.9945314373675448e-33 +0.0000000000000000e+00

+6.3556350832689623e-01 +5.5555555555555558e-01 -3.6250685623232301e-34 +0.0000000000000000e+00
+6.3749999999999996e-01 +8.8888888888888884e-01 +1.4610768675963110e-34 +0.0000000000000000e+00
+6.3943649167310379e-01 +5.5555555555555558e-01 +3.7927638373153535e-34 +0.0000000000000000e+00

+6.4056350832689635e-01 +5.5555555555555558e-01 +5.5285625098881655e-35 +0.0000000000000000e+00
+6.4250000000000007e-01 +8.8888888888888884e-01 -5.1182647049513523e-36 +0.0000000000000000e+00
+6.4443649167310368e-01 +5.5555555555555558e-01 -3.8534501307171684e-35 +0.0000000000000000e+00

+6.4556350832689635e-01 +5.5555555555555558e-01 -3.9998840973599644e-36 +0.0000000000000000e+00
+6.4749999999999996e-01 +8.8888888888888884e-01 -2.1847917704849428e-36 +0.0000000000000000e+00
+6.4943649167310369e-01 +5.5555555555555558e-01 -8.8063808583031696e-38 +0.0000000000000000e+00

+6.5056350832689624e-01 +5.5555555555555558e-01 -3.5351471041774895e-37 +0.0000000000000000e+00
+6.5250000000000008e-01 +8.8888888888888884e-01 +6.1496671974779038e-37 +0.0000000000000000e+00
+6.5443649167310380e-01 +5.5555555555555558e-01 +9.0301103289394878e-37 +0.0000000000000000e+00

+6.5556350832689636e-01 +5.5555555555555558e-01 +1.6868535163040923e-37 +0.0000000000000000e+00
+6.5749999999999997e-01 +8.8888888888888884e-01 -9.2831229669656942e-38 +0.0000000000000000e+00
+6.5943649167310370e-01 +5.5555555555555558e-01 -2.0498591811052934e-37 +0.0000000000000000e+00

+6.6056350832689636e-01 +5.5555555555555558e-01 -3.0487556412505217e-38 +0.0000000000000000e+00
+6.6250000000000009e-01 +8.8888888888888884e-01 +8.0088772888799992e-39 +0.0000000000000000e+00
+6.6443649167310381e-01 +5.5555555555555558e-01 +2.7194777394384112e-38 +0.0000000000000000e+00

+6.6556350832689637e-01 +5.5555555555555558e-01 +3.3099135148336130e-39 +0.0000000000000000e+00
+6.6749999999999998e-01 +8.8888888888888884e-01 +1.3491608006491012e-40 +0.0000000000000000e+00
+6.6943649167310371e-01 +5.5555555555555558e-01 -1.8241708432274607e-39 +0.0000000000000000e+00

+6.7056350832689637e-01 +5.5555555555555558e-01 -1.1116337615806220e-40 +0.0000000000000000e+00
+6.7250000000000010e-01 +8.8888888888888884e-01 -1.9980582897017096e-40 +0.0000000000000000e+00
+6.7443649167310371e-01 +5.5555555555555558e-01 -1.5841401001537453e-40 +0.0000000000000000e+00

+6.7556350832689627e-01 +5.5555555555555558e-01 -4.3420470991328971e-41 +0.0000000000000000e+00
+6.7749999999999999e-01 +8.8888888888888884e-01 +4.3612147279152242e-41 +0.0000000000000000e+00
+6.7943649167310383e-01 +5.5555555555555558e-01 +7.5057263426292807e-41 +0.0000000000000000e+00

+6.8056350832689638e-01 +5.5555555555555558e-01 +1.2258552171284617e-41 +0.0000000000000000e+00
+6.8250000000000011e-01 +8.8888888888888884e-01 -6.0720326899780855e-42 +0.0000000000000000e+00
+6.8443649167310372e-01 +5.5555555555555558e-01 -1.4175553746298458e-41 +0.0000000000000000e+00

+6.8556350832689639e-01 +5.5555555555555558e-01 -1.9478864667996237e-42 +0.0000000000000000e+00
+6.8750000000000000e-01 +8.8888888888888884e-01 +5.3792554042997099e-43 +0.0000000000000000e+00
+6.8943649167310372e-01 +5.5555555555555558e-01 +1.7733797150150759e-42 +0.0000000000000000e+00

+6.9056350832689628e-01 +5.5555555555555558e-01 +2.0570425144214424e-43 +0.0000000000000000e+00
+6.9250000000000012e-01 +8.8888888888888884e-01 -4.9299607486071542e-45 +0.0000000000000000e+00
+6.9443649167310384e-01 +5.5555555555555558e-01 -1.2905054681825684e-43 +0.0000000000000000e+00

+6.9556350832689640e-01 +5.5555555555555558e-01 -9.2919448556995870e-45 +0.0000000000000000e+00
+6.9750000000000001e-01 +8.8888888888888884e-01 -9.4423002568282938e-45 +0.0000000000000000e+00
+6.9943649167310373e-01 +5.5555555555555558e-01 -5.0331701203422270e-45 +0.0000000000000000e+00

+7.0056350832689629e-01 +5.5555555555555558e-01 -1.8504202227125433e-45 +0.0000000000000000e+00
+7.0250000000000001e-01 +8.8888888888888884e-01 +2.3197159824450787e-45 +0.0000000000000000e+00
+7.0443649167310374e-01 +5.5555555555555558e-01 +3.7212480965383361e-45 +0.0000000000000000e+00

+7.0556350832689629e-01 +5.5555555555555558e-01 +6.1136926053411370e-46 +0.0000000000000000e+00
+7.0750000000000002e-01 +8.8888888888888884e-01 -3.6569841637618850e-46 +0.0000000000000000e+00
+7.0943649167310363e-01 +5.5555555555555558e-01 -7.7921783933337237e-46 +0.0000000000000000e+00

+7.1056350832689630e-01 +5.5555555555555558e-01 -1.0783023820176218e-46 +0.0000000000000000e+00
+7.1249999999999991e-01 +8.8888888888888884e-01 +4.2312386017008655e-47 +0.0000000000000000e+00
+7.1443649167310364e-01 +5.5555555555555558e-01 +1.1254203305311163e-46 +0.0000000000000000e+00

+7.1556350832689619e-01 +5.5555555555555558e-01 +1.3765326795059917e-47 +0.0000000000000000e+00
+7.1750000000000003e-01 +8.8888888888888884e-01 -3.1350501630663846e-48 +0.0000000000000000e+00
+7.1943649167310375e-01 +5.5555555555555558e-01 -1.1825771414558037e-47 +0.0000000000000000e+00

+7.2056350832689631e-01 +5.5555555555555558e-01 -1.2230843376128365e-48 +0.0000000000000000e+00
+7.2249999999999992e-01 +8.8888888888888884e-01 -4.5066810908980298e-50 +0.0000000000000000e+00
+7.2443649167310364e-01 +5.5555555555555558e-01 +6.8763594696162420e-49 +0.0000000000000000e+00

+7.2556350832689631e-01 +5.5555555555555558e-01 +3.3635737583421985e-50 +0.0000000000000000e+00
+7.2750000000000004e-01 +8.8888888888888884e-01 +6.8641097714795026e-50 +0.0000000000000000e+00
+7.2943649167310365e-01 +5.5555555555555558e-01 +5.6805925132120234e-50 +0.0000000000000000e+00

+7.3056350832689620e-01 +5.5555555555555558e-01 +1.4469408682903288e-50 +0.0000000000000000e+00
+7.3249999999999993e-01 +8.8888888888888884e-01 -1.5531219830745882e-50 +0.0000000000000000e+00
+7.3443649167310365e-01 +5.5555555555555558e-01 -2.6196124583251471e-50 +0.0000000000000000e+00

+7.3556350832689632e-01 +5.5555555555555558e-01 -4.0355303460737580e-51 +0.0000000000000000e+00
+7.3750000000000004e-01 +8.8888888888888884e-01 +2.4626282299565683e-51 +0.0000000000000000e+00
+7.3943649167310366e-01 +5.5555555555555558e-01 +5.2077908075679840e-51 +0.0000000000000000e+00

+7.4056350832689621e-01 +5.5555555555555558e-01 +6.9663875802239526e-52 +0.0000000000000000e+00
+7.4249999999999994e-01 +8.8888888888888884e-01 -3.0978297324547172e-52 +0.0000000000000000e+00
+7.4443649167310377e-01 +5.5555555555555558e-01 -7.6971176098798633e-52 +0.0000000000000000e+00

+7.4556350832689633e-01 +5.5555555555555558e-01 -9.3540855292278350e-53 +0.0000000000000000e+00
+7.4750000000000005e-01 +8.8888888888888884e-01 +3.0360899340311919e-53 +0.0000000000000000e+00
+7.4943649167310367e-01 +5.5555555555555558e-01 +9.0770919603329080e-53 +0.0000000000000000e+00

+7.5056350832689633e-01 +5.5555555555555558e-01 +9.9514532726064664e-54 +0.0000000000000000e+00
+7.5249999999999995e-01 +8.8888888888888884e-01 -1.8241903672791105e-54 +0.0000000000000000e+00
+7.5443649167310367e-01 +5.5555555555555558e-01 -8.0823973520528831e-54 +0.0000000000000000e+00

+7.5556350832689623e-01 +5.5555555555555558e-01 -7.3497435892597579e-55 +0.0000000000000000e+00
+7.5750000000000006e-01 +8.8888888888888884e-01 -9.0337993505351805e-56 +0.0000000000000000e+00
+7.5943649167310379e-01 +5.5555555555555558e-01 +3.4464896179260396e-55 +0.0000000000000000e+00

+7.6056350832689634e-01 +5.5555555555555558e-01 +3.1682184946851463e-57 +0.0000000000000000e+00
+7.6249999999999996e-01 +8.8888888888888884e-01 +5.2780507752850677e-56 +0.0000000000000000e+00
+7.6443649167310368e-01 +5.5555555555555558e-01 +5.7291674661872585e-56 +0.0000000000000000e+00

+7.6556350832689635e-01 +5.5555555555555558e-01 +1.1766160375547174e-56 +0.0000000000000000e+00
+7.6750000000000007e-01 +8.8888888888888884e-01 -1.1050313427508029e-56 +0.0000000000000000e+00
+7.6943649167310380e-01 +5.5555555555555558e-01 -1.9544929930218982e-56 +0.0000000000000000e+00

+7.7056350832689635e-01 +5.5555555555555558e-01 -2.8447758615742200e-57 +0.0000000000000000e+00
+7.7249999999999996e-01 +8.8888888888888884e-01 +1.7478925679546961e-57 +0.0000000000000000e+00
+7.7443649167310369e-01 +5.5555555555555558e-01 +3.6900168152342555e-57 +0.0000000000000000e+00

+7.7556350832689636e-01 +5.5555555555555558e-01 +4.7836728957547080e-58 +0.0000000000000000e+00
+7.7750000000000008e-01 +8.8888888888888884e-01 -2.3295337126450836e-58 +0.0000000000000000e+00
+7.7943649167310369e-01 +5.5555555555555558e-01 -5.5227271536188209e-58 +0.0000000000000000e+00

+7.8056350832689625e-01 +5.5555555555555558e-01 -6.6439445657492684e-59 +0.0000000000000000e+00
+7.8249999999999997e-01 +8.8888888888888884e-01 +2.6776756721236965e-59 +0.0000000000000000e+00
+7.8443649167310381e-01 +5.5555555555555558e-01 +7.0472738506501439e-59 +0.0000000000000000e+00

+7.8556350832689636e-01 +5.5555555555555558e-01 +7.9310537217461042e-60 +0.0000000000000000e+00
+7.8750000000000009e-01 +8.8888888888888884e-01 -2.5946692103388226e-60 +0.0000000000000000e+00
+7.8943649167310370e-01 +5.5555555555555558e-01 -7.7411500384277286e-60 +0.0000000000000000e+00

+7.9056350832689637e-01 +5.5555555555555558e-01 -8.0582942587619528e-61 +0.0000000000000000e+00
+7.9249999999999998e-01 +8.8888888888888884e-01 +1.8899662425403428e-61 +0.0000000000000000e+00
+7.9443649167310371e-01 +5.5555555555555558e-01 +7.0331603100521801e-61 +0.0000000000000000e+00

+7.9556350832689626e-01 +5.5555555555555558e-01 +6.4379774215986568e-62 +0.0000000000000000e+00
+7.9750000000000010e-01 +8.8888888888888884e-01 -4.2202467755390728e-63 +0.0000000000000000e+00
+7.9943649167310382e-01 +5.5555555555555558e-01 -4.4057867459312281e-62 +0.0000000000000000e+00

+8.0056350832689638e-01 +5.5555555555555558e-01 -2.6031602363056662e-63 +0.0000000000000000e+00
+8.0249999999999999e-01 +8.8888888888888884e-01 -1.8559798283945654e-63 +0.0000000000000000e+00
+8.0443649167310372e-01 +5.5555555555555558e-01 -4.7944681980375543e-64 +0.0000000000000000e+00

+8.0556350832689638e-01 +5.5555555555555558e-01 -3.6557761821967263e-64 +0.0000000000000000e+00
+8.0750000000000011e-01 +8.8888888888888884e-01 +4.8543736625597641e-64 +0.0000000000000000e+00
+8.0943649167310383e-01 +5.5555555555555558e-01 +7.6518005463979365e-64 +0.0000000000000000e+00

+8.1056350832689639e-01 +5.5555555555555558e-01 +1.2162067721921464e-64 +0.0000000000000000e+00
+8.1250000000000000e-01 +8.8888888888888884e-01 -8.3179604640529980e-65 +0.0000000000000000e+00
+8.1443649167310372e-01 +5.5555555555555558e-01 -1.6719835852893943e-64 +0.0000000000000000e+00

+8.1556350832689639e-01 +5.5555555555555558e-01 -2.2257183879836355e-65 +0.0000000000000000e+00
+8.1750000000000012e-01 +8.8888888888888884e-01 +1.1818259818377187e-65 +0.0000000000000000e+00
+8.1943649167310373e-01 +5.5555555555555558e-01 +2.6804117295454845e-65 +0.0000000000000000e+00

+8.2056350832689628e-01 +5.5555555555555558e-01 +3.2764988347363848e-66 +0.0000000000000000e+00
+8.2250000000000001e-01 +8.8888888888888884e-01 -1.4773628101390491e-66 +0.0000000000000000e+00
+8.2443649167310384e-01 +5.5555555555555558e-01 -3.6537340666188761e-66 +0.0000000000000000e+00

+8.2556350832689640e-01 +5.5555555555555558e-01 -4.2036347517524644e-67 +0.0000000000000000e+00
+8.2750000000000012e-01 +8.8888888888888884e-01 +1.6500499489267474e-67 +0.0000000000000000e+00
+8.2943649167310374e-01 +5.5555555555555558e-01 +4.4148351539385399e-67 +0.0000000000000000e+00

+8.3056350832689629e-01 +5.5555555555555558e-01 +4.8085596860974793e-68 +0.0000000000000000e+00
+8.3250000000000002e-01 +8.8888888888888884e-01 -1.6294462134504499e-68 +0.0000000000000000e+00
+8.3443649167310363e-01 +5.5555555555555558e-01 -4.7635687885707119e-68 +0.0000000000000000e+00

+8.3556350832689619e-01 +5.5555555555555558e-01 -4.8817197731863068e-69 +0.0000000000000000e+00
+8.3749999999999991e-01 +8.8888888888888884e-01 +1.3534801614801869e-69 +0.0000000000000000e+00
+8.3943649167310364e-01 +5.5555555555555558e-01 +4.5022619263531434e-69 +0.0000000000000000e+00

+8.4056350832689630e-01 +5.5555555555555558e-01 +4.2325916767176444e-70 +0.0000000000000000e+00
+8.4250000000000003e-01 +8.8888888888888884e-01 -7.8012429034662480e-71 +0.0000000000000000e+00
+8.4443649167310364e-01 +5.5555555555555558e-01 -3.4671003038199752e-70 +0.0000000000000000e+00

+8.4556350832689620e-01 +5.5555555555555558e-01 -2.7239101732942186e-71 +0.0000000000000000e+00
+8.4749999999999992e-01 +8.8888888888888884e-01 -1.0123005973399436e-72 +0.0000000000000000e+00
+8.4943649167310376e-01 +5.5555555555555558e-01 +1.5617846787100410e-71 +0.0000000000000000e+00

+8.5056350832689631e-01 +5.5555555555555558e-01 +3.0574755729679704e-73 +0.0000000000000000e+00
+8.5250000000000004e-01 +8.8888888888888884e-01 +1.2604377301452324e-72 +0.0000000000000000e+00
+8.5443649167310365e-01 +5.5555555555555558e-01 +1.2111481799135629e-72 +0.0000000000000000e+00

+8.5556350832689632e-01 +5.5555555555555558e-01 +2.9556468776731880e-73 +0.0000000000000000e+00
+8.5749999999999993e-01 +8.8888888888888884e-01 -2.6210414846578901e-73 +0.0000000000000000e+00
+8.5943649167310365e-01 +5.5555555555555558e-01 -4.7263956522916880e-73 +0.0000000000000000e+00

+8.6056350832689621e-01 +5.5555555555555558e-01 -6.8594220251667306e-74 +0.0000000000000000e+00
+8.6250000000000004e-01 +8.8888888888888884e-01 +4.0599715952113321e-74 +0.0000000000000000e+00
+8.6443649167310377e-01 +5.5555555555555558e-01 +8.7241776453869203e-74 +0.0000000000000000e+00

+8.6556350832689632e-01 +5.5555555555555558e-01 +1.1066632550390751e-74 +0.0000000000000000e+00
+8.6749999999999994e-01 +8.8888888888888884e-01 -5.4134845238283660e-75 +0.0000000000000000e+00
+8.6943649167310366e-01 +5.5555555555555558e-01 -1.2814615596770510e-74 +0.0000000000000000e+00

+8.7056350832689633e-01 +5.5555555555555558e-01 -1.5114810042327795e-75 +0.0000000000000000e+00
+8.7250000000000005e-01 +8.8888888888888884e-01 +6.4896208774671806e-76 +0.0000000000000000e+00
+8.7443649167310378e-01 +5.5555555555555558e-01 +1.6500447527831389e-75 +0.0000000000000000e+00

+8.7556350832689633e-01 +5.5555555555555558e-01 +1.8451728257595954e-76 +0.0000000000000000e+00
+8.7749999999999995e-01 +8.8888888888888884e-01 -7.0866353367247613e-77 +0.0000000000000000e+00
+8.7943649167310367e-01 +5.5555555555555558e-01 -1.9218178590034116e-76 +0.0000000000000000e+00

+8.8056350832689634e-01 +5.5555555555555558e-01 -2.0487089351796897e-77 +0.0000000000000000e+00
+8.8250000000000006e-01 +8.8888888888888884e-01 +7.0159956773665031e-78 +0.0000000000000000e+00
+8.8443649167310368e-01 +5.5555555555555558e-01 +2.0395339936978918e-77 +0.0000000000000000e+00

+8.8556350832689623e-01 +5.5555555555555558e-01 +2.0658334916581993e-78 +0.0000000000000000e+00
+8.8749999999999996e-01 +8.8888888888888884e-01 -6.1277742428031053e-79 +0.0000000000000000e+00
+8.8943649167310379e-01 +5.5555555555555558e-01 -1.9519117545744486e-78 +0.0000000000000000e+00

+8.9056350832689635e-01 +5.5555555555555558e-01 -1.8504464915600183e-79 +0.0000000000000000e+00
+8.9250000000000007e-01 +8.8888888888888884e-01 +4.3356709147662474e-80 +0.0000000000000000e+00
+8.9443649167310368e-01 +5.5555555555555558e-01 +1.6209534102727536e-79 +0.0000000000000000e+00

+8.9556350832689635e-01 +5.5555555555555558e-01 +1.3739948613779390e-80 +0.0000000000000000e+00
+8.9749999999999996e-01 +8.8888888888888884e-01 -1.6386029297766089e-81 +0.0000000000000000e+00
+8.9943649167310369e-01 +5.5555555555555558e-01 -1.0288919095891126e-80 +0.0000000000000000e+00

+9.0056350832689624e-01 +5.5555555555555558e-01 +1.0558435705143732e-75 +0.0000000000000000e+00
+9.0250000000000008e-01 +8.8888888888888884e-01 +1.5587079994451010e-76 +0.0000000000000000e+00
+9.0443649167310380e-01 +5.5555555555555558e-01 -1.3052375967904279e-75 +0.0000000000000000e+00

+9.0556350832689636e-01 +5.5555555555555558e-01 -1.3870930050729305e-73 +0.0000000000000000e+00
+9.0749999999999997e-01 +8.8888888888888884e-01 -2.1424316440024028e-74 +0.0000000000000000e+00
+9.0943649167310370e-01 +5.5555555555555558e-01 +1.7298820695931268e-73 +0.0000000000000000e+00

+9.1056350832689636e-01 +5.5555555555555558e-01 +4.3266119884388704e-68 +0.0000000000000000e+00
+9.1250000000000009e-01 +8.8888888888888884e-01 +6.3873927862184689e-69 +0.0000000000000000e+00
+9.1443649167310381e-01 +5.5555555555555558e-01 -5.3485828633420719e-68 +0.0000000000000000e+00

+9.1556350832689637e-01 +5.5555555555555558e-01 -5.4121385833171376e-66 +0.0000000000000000e+00
+9.1749999999999998e-01 +8.8888888888888884e-01 -8.3779018449293151e-67 +0.0000000000000000e+00
+9.1943649167310371e-01 +5.5555555555555558e-01 +6.7525879675456925e-66 +0.0000000000000000e+00

+9.2056350832689637e-01 +5.5555555555555558e-01 +1.7728438519566774e-60 +0.0000000000000000e+00
+9.2250000000000010e-01 +8.8888888888888884e-01 +2.6172532977831085e-61 +0.0000000000000000e+00
+9.2443649167310371e-01 +5.5555555555555558e-01 -2.1915994743048838e-60 +0.0000000000000000e+00

+9.2556350832689627e-01 +5.5555555555555558e-01 -2.1065603662481382e-58 +0.0000000000000000e+00
+9.2749999999999999e-01 +8.8888888888888884e-01 -3.2688864599659787e-59 +0.0000000000000000e+00
+9.2943649167310383e-01 +5.5555555555555558e-01 +2.6295763978877398e-58 +0.0000000000000000e+00

+9.3056350832689638e-01 +5.5555555555555558e-01 +6.9858617045620675e-53 +0.0000000000000000e+00
+9.3250000000000011e-01 +8.8888888888888884e-01 +1.0313242413545284e-53 +0.0000000000000000e+00
+9.3443649167310372e-01 +5.5555555555555558e-01 -8.6359603910881016e-53 +0.0000000000000000e+00

+9.3556350832689639e-01 +5.5555555555555558e-01 -7.8632222592419246e-51 +0.0000000000000000e+00
+9.3750000000000000e-01 +8.8888888888888884e-01 -1.2234912021784338e-51 +0.0000000000000000e+00
+9.3943649167310372e-01 +5.5555555555555558e-01 +9.8207856684374587e-51 +0.0000000000000000e+00

+9.4056350832689628e-01 +5.5555555555555558e-01 +1.6413667580161521e-48 +0.0000000000000000e+00
+9.4250000000000012e-01 +8.8888888888888884e-01 +2.5108573320121934e-49 +0.0000000000000000e+00
+9.4443649167310384e-01 +5.5555555555555558e-01 -2.0351836988071706e-48 +0.0000000000000000e+00

+9.4556350832689640e-01 +5.5555555555555558e-01 -1.3478715177324340e-46 +0.0000000000000000e+00
+9.4750000000000001e-01 +8.8888888888888884e-01 -2.1551111551967411e-47 +0.0000000000000000e+00
+9.4943649167310373e-01 +5.5555555555555558e-01 +1.6843137734858462e-46 +0.0000000000000000e+00

+9.5056350832689640e-01 +5.5555555555555558e-01 +6.2838680943546093e-45 +0.0000000000000000e+00
+9.5250000000000012e-01 +8.8888888888888884e-01 +1.0875903486055632e-45 +0.0000000000000000e+00
+9.5443649167310385e-01 +5.5555555555555558e-01 -7.8438519107708863e-45 +0.0000000000000000e+00

+9.5556350832689640e-01 +5.5555555555555558e-01 -1.9139090388480008e-43 +0.0000000000000000e+00
+9.5750000000000002e-01 +8.8888888888888884e-01 -3.6907059625164052e-44 +0.0000000000000000e+00
+9.5943649167310374e-01 +5.5555555555555558e-01 +2.3641171257418666e-43 +0.0000000000000000e+00

+9.6056350832689630e-01 +5.5555555555555558e-01 +4.0898937458825916e-42 +0.0000000000000000e+00
+9.6249999999999991e-01 +8.8888888888888884e-01 +9.0574005751129789e-43 +0.0000000000000000e+00
+9.6443649167310364e-01 +5.5555555555555558e-01 -4.9273747510524251e-42 +0.0000000000000000e+00

+9.6556350832689619e-01 +5.5555555555555558e-01 -5.9003719883855803e-41 +0.0000000000000000e+00
+9.6750000000000003e-01 +8.8888888888888884e-01 -1.5985460081585484e-41 +0.0000000000000000e+00
+9.6943649167310375e-01 +5.5555555555555558e-01 +6.7449114544419664e-41 +0.0000000000000000e+00

+9.7056350832689631e-01 +5.5555555555555558e-01 +4.9866322503097697e-40 +0.0000000000000000e+00
+9.7249999999999992e-01 +8.8888888888888884e-01 +1.9489153780913391e-40 +0.0000000000000000e+00
+9.7443649167310364e-01 +5.5555555555555558e-01 -4.8090789421870697e-40 +0.0000000000000000e+00

+9.7556350832689631e-01 +5.5555555555555558e-01 +8.9770128972433140e-40 +0.0000000000000000e+00
+9.7750000000000004e-01 +8.8888888888888884e-01 -1.1121561840617320e-39 +0.0000000000000000e+00
+9.7943649167310365e-01 +5.5555555555555558e-01 -3.0772120355525996e-39 +0.0000000000000000e+00

+9.8056350832689620e-01 +5.5555555555555558e-01 -9.4382137151868132e-38 +0.0000000000000000e+00
+9.8249999999999993e-01 +8.8888888888888884e-01 -1.1082082632897772e-38 +0.0000000000000000e+00
+9.8443649167310365e-01 +5.5555555555555558e-01 +1.3239464619468314e-37 +0.0000000000000000e+00

+9.8556350832689632e-01 +5.5555555555555558e-01 +1.4524082150477349e-36 +0.0000000000000000e+00
+9.8750000000000004e-01 +8.8888888888888884e-01 +3.7892795314085835e-37 +0.0000000000000000e+00
+9.8943649167310366e-01 +5.5555555555555558e-01 -1.7084484240299127e-36 +0.0000000000000000e+00

+9.9056350832689621e-01 +5.5555555555555558e-01 -1.0947809680860182e-35 +0.0000000000000000e+00
+9.9249999999999994e-01 +8.8888888888888884e-01 -4.7745026448450798e-36 +0.0000000000000000e+00
+9.9443649167310377e-01 +5.5555555555555558e-01 +9.7299885433256946e-36 +0.0000000000000000e+00

+9.9556350832689633e-01 +5.5555555555555558e-01 -2.7193402919393681e-35 +0.0000000000000000e+00
+9.9750000000000005e-01 +8.8888888888888884e-01 +2.4546862887081646e-35 +0.0000000000000000e+00
+9.9943649167310367e-01 +5.5555555555555558e-01 +8.1996368877202049e-35 +0.0000000000000000e+00


