100 101 102 103 300 301 302 303 
100 101 102 103 104 300 301 302 303 304 
100 101 102 103 104 105 300 301 302 303 304 305 
101 102 103 104 105 106 301 302 303 304 305 306 
102 103 104 105 106 107 108 302 303 304 305 306 307 308 
103 104 105 106 107 108 109 303 304 305 306 307 308 309 
104 105 106 107 108 109 110 304 305 306 307 308 309 310 
105 106 107 108 109 110 111 305 306 307 308 309 310 311 
106 107 108 109 110 111 112 306 307 308 309 310 311 312 
107 108 109 110 111 112 113 307 308 309 310 311 312 313 
107 108 109 110 111 112 113 114 307 308 309 310 311 312 313 314 
108 109 110 111 112 113 114 115 308 309 310 311 312 313 314 315 
109 110 111 112 113 114 115 116 309 310 311 312 313 314 315 316 
110 111 112 113 114 115 116 117 310 311 312 313 314 315 316 317 
111 112 113 114 115 116 117 118 311 312 313 314 315 316 317 318 
112 113 114 115 116 117 118 119 312 313 314 315 316 317 318 319 
113 114 115 116 117 118 119 120 121 313 314 315 316 317 318 319 320 321 
114 115 116 117 118 119 120 121 314 315 316 317 318 319 320 321 
115 116 117 118 119 120 121 122 123 315 316 317 318 319 320 321 322 323 
116 117 118 119 120 121 122 123 316 317 318 319 320 321 322 323 
117 118 119 120 121 122 123 124 125 317 318 319 320 321 322 323 324 325 
118 119 120 121 122 123 124 125 126 318 319 320 321 322 323 324 325 326 
119 120 121 122 123 124 125 126 127 319 320 321 322 323 324 325 326 327 
120 121 122 123 124 125 126 127 128 320 321 322 323 324 325 326 327 328 
121 122 123 124 125 126 127 128 129 321 322 323 324 325 326 327 328 329 
122 123 124 125 126 127 128 129 130 322 323 324 325 326 327 328 329 330 
123 124 125 126 127 128 129 130 131 323 324 325 326 327 328 329 330 331 
124 125 126 127 128 129 130 131 132 324 325 326 327 328 329 330 331 332 
125 126 127 128 129 130 131 132 133 325 326 327 328 329 330 331 332 333 
125 126 127 128 130 131 132 133 134 325 326 327 328 330 331 332 333 334 
127 128 129 130 132 133 134 135 327 328 329 330 332 333 334 335 
127 128 129 130 132 133 134 135 136 327 328 329 330 332 333 334 335 336 
128 129 130 131 134 135 136 137 328 329 330 331 334 335 336 337 
129 130 131 132 135 136 137 138 329 330 331 332 335 336 337 338 
130 131 132 133 136 137 138 139 330 331 332 333 336 337 338 339 
131 132 133 134 137 138 139 140 331 332 333 334 337 338 339 340 
132 133 134 135 138 139 140 141 332 333 334 335 338 339 340 341 
133 134 135 136 139 140 141 142 333 334 335 336 339 340 341 342 
134 135 136 137 140 141 142 143 334 335 336 337 340 341 342 343 
135 136 137 138 141 142 143 144 335 336 337 338 341 342 343 344 
136 137 138 139 142 143 144 145 336 337 338 339 342 343 344 345 
137 138 139 140 143 144 145 146 337 338 339 340 343 344 345 346 
138 139 140 141 143 144 145 146 147 338 339 340 341 343 344 345 346 347 
139 140 141 142 143 145 146 147 148 339 340 341 342 343 345 346 347 348 
140 141 142 143 145 146 147 148 149 340 341 342 343 345 346 347 348 349 
141 142 143 144 147 148 149 150 341 342 343 344 347 348 349 350 
142 143 144 145 148 149 150 151 342 343 344 345 348 349 350 351 
143 144 145 146 149 150 151 152 343 344 345 346 349 350 351 352 
144 145 146 147 150 151 152 153 344 345 346 347 350 351 352 353 
145 146 147 148 151 152 153 154 345 346 347 348 351 352 353 354 
146 147 148 149 152 153 154 155 346 347 348 349 352 353 354 355 
147 148 149 150 153 154 155 156 347 348 349 350 353 354 355 356 
148 149 150 151 154 155 156 157 348 349 350 351 354 355 356 357 
149 150 151 152 155 156 157 158 349 350 351 352 355 356 357 358 
150 151 152 153 156 157 158 159 350 351 352 353 356 357 358 359 
151 152 153 154 157 158 159 160 161 351 352 353 354 357 358 359 360 361 
152 153 154 155 158 159 160 161 352 353 354 355 358 359 360 361 
153 154 155 156 159 160 161 162 353 354 355 356 359 360 361 362 
154 155 156 157 160 161 162 163 354 355 356 357 360 361 362 363 
155 156 157 158 161 162 163 164 165 355 356 357 358 361 362 363 364 365 
156 157 158 159 162 163 164 165 356 357 358 359 362 363 364 365 
157 158 159 160 163 164 165 166 357 358 359 360 363 364 365 366 
158 159 160 161 164 165 166 167 168 358 359 360 361 364 365 366 367 368 
159 160 161 162 165 166 167 168 359 360 361 362 365 366 367 368 
160 161 162 163 166 167 168 169 170 360 361 362 363 366 367 368 369 370 
161 162 163 164 167 168 169 170 361 362 363 364 367 368 369 370 
162 163 164 165 168 169 170 171 172 362 363 364 365 368 369 370 371 372 
163 164 165 166 169 170 171 172 363 364 365 366 369 370 371 372 
164 165 166 167 170 171 172 173 174 364 365 366 367 370 371 372 373 374 
165 166 167 168 171 172 173 174 175 365 366 367 368 371 372 373 374 375 
166 167 168 169 172 173 174 175 176 366 367 368 369 372 373 374 375 376 
167 168 169 170 173 174 175 176 177 367 368 369 370 373 374 375 376 377 
168 169 170 171 174 175 176 177 178 368 369 370 371 374 375 376 377 378 
169 170 171 172 175 176 177 178 179 369 370 371 372 375 376 377 378 379 
170 171 172 173 176 177 178 179 180 370 371 372 373 376 377 378 379 380 
170 171 172 173 174 177 178 179 180 181 370 371 372 373 374 377 378 379 380 381 
172 173 174 175 178 179 180 181 182 372 373 374 375 378 379 380 381 382 
173 174 175 176 179 180 181 182 183 373 374 375 376 379 380 381 382 383 
174 175 176 177 180 181 182 183 184 374 375 376 377 380 381 382 383 384 
174 175 176 177 178 181 182 183 184 185 374 375 376 377 378 381 382 383 384 385 
176 177 178 179 182 183 184 185 186 376 377 378 379 382 383 384 385 386 
177 178 179 180 183 184 185 186 187 377 378 379 380 383 384 385 386 387 
177 178 179 180 181 184 185 186 187 188 377 378 379 380 381 384 385 386 387 388 
179 180 181 182 185 186 187 188 189 379 380 381 382 385 386 387 388 389 
179 180 181 182 183 186 187 188 189 190 379 380 381 382 383 386 387 388 389 390 
181 182 183 184 187 188 189 190 191 381 382 383 384 387 388 389 390 391 
181 182 183 184 185 188 189 190 191 192 381 382 383 384 385 388 389 390 391 392 
182 183 184 185 186 189 190 191 192 193 382 383 384 385 386 389 390 391 392 393 
183 184 185 186 187 190 191 192 193 194 383 384 385 386 387 390 391 392 393 394 
184 185 186 187 188 191 192 193 194 195 384 385 386 387 388 391 392 393 394 395 
185 186 187 188 189 192 193 194 195 196 385 386 387 388 389 392 393 394 395 396 
186 187 188 189 190 193 194 195 196 197 386 387 388 389 390 393 394 395 396 397 
187 188 189 190 191 194 195 196 197 198 387 388 389 390 391 394 395 396 397 398 
188 189 190 191 192 195 196 197 198 199 388 389 390 391 392 395 396 397 398 399 
189 190 191 192 193 196 197 198 199 200 389 390 391 392 393 396 397 398 399 400 
190 191 192 193 194 197 198 199 200 201 390 391 392 393 394 397 398 399 400 401 
191 192 193 194 195 198 199 200 201 202 391 392 393 394 395 398 399 400 401 402 
192 193 194 195 196 199 200 201 202 203 392 393 394 395 396 399 400 401 402 403 
193 194 195 196 197 200 201 202 203 204 393 394 395 396 397 400 401 402 403 404 
194 195 196 197 198 201 202 203 204 205 394 395 396 397 398 401 402 403 404 405 
