+5.0000000000000001e-04 +2.0000000000000000e+00 +0.0000000000000000e+00 +0.0000000000000000e+00

+1.5000000000000000e-03 +2.0000000000000000e+00 +0.0000000000000000e+00 +0.0000000000000000e+00

+2.5000000000000001e-03 +2.0000000000000000e+00 +0.0000000000000000e+00 +0.0000000000000000e+00

+3.5000000000000001e-03 +2.0000000000000000e+00 +0.0000000000000000e+00 +0.0000000000000000e+00

+4.5000000000000005e-03 +2.0000000000000000e+00 +0.0000000000000000e+00 +0.0000000000000000e+00

+5.4999999999999997e-03 +2.0000000000000000e+00 +0.0000000000000000e+00 +0.0000000000000000e+00

+6.5000000000000006e-03 +2.0000000000000000e+00 +0.0000000000000000e+00 +0.0000000000000000e+00

+7.4999999999999997e-03 +2.0000000000000000e+00 +0.0000000000000000e+00 +0.0000000000000000e+00

+8.5000000000000006e-03 +2.0000000000000000e+00 +0.0000000000000000e+00 +0.0000000000000000e+00

+9.5000000000000015e-03 +2.0000000000000000e+00 +0.0000000000000000e+00 +0.0000000000000000e+00

+1.0499999999999999e-02 +2.0000000000000000e+00 +0.0000000000000000e+00 +0.0000000000000000e+00

+1.1500000000000000e-02 +2.0000000000000000e+00 +0.0000000000000000e+00 +0.0000000000000000e+00

+1.2500000000000001e-02 +2.0000000000000000e+00 +0.0000000000000000e+00 +0.0000000000000000e+00

+1.3500000000000002e-02 +2.0000000000000000e+00 +0.0000000000000000e+00 +0.0000000000000000e+00

+1.4499999999999999e-02 +2.0000000000000000e+00 +0.0000000000000000e+00 +0.0000000000000000e+00

+1.5500000000000000e-02 +2.0000000000000000e+00 +0.0000000000000000e+00 +0.0000000000000000e+00

+1.6500000000000001e-02 +2.0000000000000000e+00 +0.0000000000000000e+00 +0.0000000000000000e+00

+1.7500000000000002e-02 +2.0000000000000000e+00 +0.0000000000000000e+00 +0.0000000000000000e+00

+1.8500000000000003e-02 +2.0000000000000000e+00 +0.0000000000000000e+00 +0.0000000000000000e+00

+1.9500000000000000e-02 +2.0000000000000000e+00 +0.0000000000000000e+00 +0.0000000000000000e+00

+2.0500000000000001e-02 +2.0000000000000000e+00 +0.0000000000000000e+00 +0.0000000000000000e+00

+2.1499999999999998e-02 +2.0000000000000000e+00 +0.0000000000000000e+00 +0.0000000000000000e+00

+2.2499999999999999e-02 +2.0000000000000000e+00 +0.0000000000000000e+00 +0.0000000000000000e+00

+2.3500000000000000e-02 +2.0000000000000000e+00 +0.0000000000000000e+00 +0.0000000000000000e+00

+2.4500000000000001e-02 +2.0000000000000000e+00 +0.0000000000000000e+00 +0.0000000000000000e+00

+2.5500000000000002e-02 +2.0000000000000000e+00 +0.0000000000000000e+00 +0.0000000000000000e+00

+2.6500000000000003e-02 +2.0000000000000000e+00 +0.0000000000000000e+00 +0.0000000000000000e+00

+2.7500000000000000e-02 +2.0000000000000000e+00 +0.0000000000000000e+00 +0.0000000000000000e+00

+2.8500000000000001e-02 +2.0000000000000000e+00 +0.0000000000000000e+00 +0.0000000000000000e+00

+2.9499999999999998e-02 +2.0000000000000000e+00 +0.0000000000000000e+00 +0.0000000000000000e+00

+3.0499999999999999e-02 +2.0000000000000000e+00 +0.0000000000000000e+00 +0.0000000000000000e+00

+3.1500000000000000e-02 +2.0000000000000000e+00 +0.0000000000000000e+00 +0.0000000000000000e+00

+3.2500000000000001e-02 +2.0000000000000000e+00 +0.0000000000000000e+00 +0.0000000000000000e+00

+3.3500000000000002e-02 +2.0000000000000000e+00 +0.0000000000000000e+00 +0.0000000000000000e+00

+3.4500000000000003e-02 +2.0000000000000000e+00 +0.0000000000000000e+00 +0.0000000000000000e+00

+3.5500000000000004e-02 +2.0000000000000000e+00 +0.0000000000000000e+00 +0.0000000000000000e+00

+3.6500000000000005e-02 +2.0000000000000000e+00 +0.0000000000000000e+00 +0.0000000000000000e+00

+3.7499999999999999e-02 +2.0000000000000000e+00 +0.0000000000000000e+00 +0.0000000000000000e+00

+3.8500000000000000e-02 +2.0000000000000000e+00 +0.0000000000000000e+00 +0.0000000000000000e+00

+3.9500000000000000e-02 +2.0000000000000000e+00 +0.0000000000000000e+00 +0.0000000000000000e+00

+4.0500000000000001e-02 +2.0000000000000000e+00 +0.0000000000000000e+00 +0.0000000000000000e+00

+4.1500000000000002e-02 +2.0000000000000000e+00 +0.0000000000000000e+00 +0.0000000000000000e+00

+4.2500000000000003e-02 +2.0000000000000000e+00 +0.0000000000000000e+00 +0.0000000000000000e+00

+4.3499999999999997e-02 +2.0000000000000000e+00 +0.0000000000000000e+00 +0.0000000000000000e+00

+4.4499999999999998e-02 +2.0000000000000000e+00 +0.0000000000000000e+00 +0.0000000000000000e+00

+4.5499999999999999e-02 +2.0000000000000000e+00 +0.0000000000000000e+00 +0.0000000000000000e+00

+4.6500000000000000e-02 +2.0000000000000000e+00 +0.0000000000000000e+00 +0.0000000000000000e+00

+4.7500000000000001e-02 +2.0000000000000000e+00 +0.0000000000000000e+00 +0.0000000000000000e+00

+4.8500000000000001e-02 +2.0000000000000000e+00 +0.0000000000000000e+00 +0.0000000000000000e+00

+4.9500000000000002e-02 +2.0000000000000000e+00 +0.0000000000000000e+00 +0.0000000000000000e+00

+5.0500000000000003e-02 +2.0000000000000000e+00 +0.0000000000000000e+00 +0.0000000000000000e+00

+5.1500000000000004e-02 +2.0000000000000000e+00 +0.0000000000000000e+00 +0.0000000000000000e+00

+5.2500000000000005e-02 +2.0000000000000000e+00 +0.0000000000000000e+00 +0.0000000000000000e+00

+5.3499999999999999e-02 +2.0000000000000000e+00 +0.0000000000000000e+00 +0.0000000000000000e+00

+5.4500000000000000e-02 +2.0000000000000000e+00 +0.0000000000000000e+00 +0.0000000000000000e+00

+5.5500000000000001e-02 +2.0000000000000000e+00 +0.0000000000000000e+00 +0.0000000000000000e+00

+5.6500000000000002e-02 +2.0000000000000000e+00 +0.0000000000000000e+00 +0.0000000000000000e+00

+5.7500000000000002e-02 +2.0000000000000000e+00 +0.0000000000000000e+00 +0.0000000000000000e+00

+5.8500000000000003e-02 +2.0000000000000000e+00 +0.0000000000000000e+00 +0.0000000000000000e+00

+5.9499999999999997e-02 +2.0000000000000000e+00 +0.0000000000000000e+00 +0.0000000000000000e+00

+6.0499999999999998e-02 +2.0000000000000000e+00 +0.0000000000000000e+00 +0.0000000000000000e+00

+6.1499999999999999e-02 +2.0000000000000000e+00 +0.0000000000000000e+00 +0.0000000000000000e+00

+6.2500000000000000e-02 +2.0000000000000000e+00 +0.0000000000000000e+00 +0.0000000000000000e+00

+6.3500000000000001e-02 +2.0000000000000000e+00 +0.0000000000000000e+00 +0.0000000000000000e+00

+6.4500000000000002e-02 +2.0000000000000000e+00 +0.0000000000000000e+00 +0.0000000000000000e+00

+6.5500000000000003e-02 +2.0000000000000000e+00 +0.0000000000000000e+00 +0.0000000000000000e+00

+6.6500000000000004e-02 +2.0000000000000000e+00 +0.0000000000000000e+00 +0.0000000000000000e+00

+6.7500000000000004e-02 +2.0000000000000000e+00 +0.0000000000000000e+00 +0.0000000000000000e+00

+6.8500000000000005e-02 +2.0000000000000000e+00 +0.0000000000000000e+00 +0.0000000000000000e+00

+6.9500000000000006e-02 +2.0000000000000000e+00 +0.0000000000000000e+00 +0.0000000000000000e+00

+7.0500000000000007e-02 +2.0000000000000000e+00 +0.0000000000000000e+00 +0.0000000000000000e+00

+7.1500000000000008e-02 +2.0000000000000000e+00 +0.0000000000000000e+00 +0.0000000000000000e+00

+7.2500000000000009e-02 +2.0000000000000000e+00 +0.0000000000000000e+00 +0.0000000000000000e+00

+7.3499999999999996e-02 +2.0000000000000000e+00 +0.0000000000000000e+00 +0.0000000000000000e+00

+7.4499999999999997e-02 +2.0000000000000000e+00 +0.0000000000000000e+00 +0.0000000000000000e+00

+7.5499999999999998e-02 +2.0000000000000000e+00 +0.0000000000000000e+00 +0.0000000000000000e+00

+7.6499999999999999e-02 +2.0000000000000000e+00 +0.0000000000000000e+00 +0.0000000000000000e+00

+7.7499999999999999e-02 +2.0000000000000000e+00 +0.0000000000000000e+00 +0.0000000000000000e+00

+7.8500000000000000e-02 +2.0000000000000000e+00 +0.0000000000000000e+00 +0.0000000000000000e+00

+7.9500000000000001e-02 +2.0000000000000000e+00 +0.0000000000000000e+00 +0.0000000000000000e+00

+8.0500000000000002e-02 +2.0000000000000000e+00 +0.0000000000000000e+00 +0.0000000000000000e+00

+8.1500000000000003e-02 +2.0000000000000000e+00 +0.0000000000000000e+00 +0.0000000000000000e+00

+8.2500000000000004e-02 +2.0000000000000000e+00 +0.0000000000000000e+00 +0.0000000000000000e+00

+8.3500000000000005e-02 +2.0000000000000000e+00 +0.0000000000000000e+00 +0.0000000000000000e+00

+8.4500000000000006e-02 +2.0000000000000000e+00 +0.0000000000000000e+00 +0.0000000000000000e+00

+8.5500000000000007e-02 +2.0000000000000000e+00 +0.0000000000000000e+00 +0.0000000000000000e+00

+8.6500000000000007e-02 +2.0000000000000000e+00 +0.0000000000000000e+00 +0.0000000000000000e+00

+8.7499999999999994e-02 +2.0000000000000000e+00 +0.0000000000000000e+00 +0.0000000000000000e+00

+8.8499999999999995e-02 +2.0000000000000000e+00 +0.0000000000000000e+00 +0.0000000000000000e+00

+8.9499999999999996e-02 +2.0000000000000000e+00 +0.0000000000000000e+00 +0.0000000000000000e+00

+9.0499999999999997e-02 +2.0000000000000000e+00 +0.0000000000000000e+00 +0.0000000000000000e+00

+9.1499999999999998e-02 +2.0000000000000000e+00 +0.0000000000000000e+00 +0.0000000000000000e+00

+9.2499999999999999e-02 +2.0000000000000000e+00 +0.0000000000000000e+00 +0.0000000000000000e+00

+9.3500000000000000e-02 +2.0000000000000000e+00 +0.0000000000000000e+00 +0.0000000000000000e+00

+9.4500000000000001e-02 +2.0000000000000000e+00 +0.0000000000000000e+00 +0.0000000000000000e+00

+9.5500000000000002e-02 +2.0000000000000000e+00 +0.0000000000000000e+00 +0.0000000000000000e+00

+9.6500000000000002e-02 +2.0000000000000000e+00 +0.0000000000000000e+00 +0.0000000000000000e+00

+9.7500000000000003e-02 +2.0000000000000000e+00 +0.0000000000000000e+00 +0.0000000000000000e+00

+9.8500000000000004e-02 +2.0000000000000000e+00 +0.0000000000000000e+00 +0.0000000000000000e+00

+9.9500000000000005e-02 +2.0000000000000000e+00 +0.0000000000000000e+00 +0.0000000000000000e+00

+1.0050000000000001e-01 +2.0000000000000000e+00 +7.8886090522107259e-31 +0.0000000000000000e+00

+1.0150000000000001e-01 +2.0000000000000000e+00 +4.0231906166274668e-29 +0.0000000000000000e+00

+1.0250000000000001e-01 +2.0000000000000000e+00 +1.0361687990078772e-27 +0.0000000000000000e+00

+1.0350000000000001e-01 +2.0000000000000000e+00 +1.7967095977315105e-26 +0.0000000000000000e+00

+1.0450000000000001e-01 +2.0000000000000000e+00 +2.3595278339798907e-25 +0.0000000000000000e+00

+1.0550000000000000e-01 +2.0000000000000000e+00 +2.5030039325730801e-24 +0.0000000000000000e+00

+1.0650000000000000e-01 +2.0000000000000000e+00 +2.2339701487855444e-23 +0.0000000000000000e+00

+1.0750000000000000e-01 +2.0000000000000000e+00 +1.7253184012070928e-22 +0.0000000000000000e+00

+1.0850000000000000e-01 +2.0000000000000000e+00 +1.1769417672279276e-21 +0.0000000000000000e+00

+1.0950000000000000e-01 +2.0000000000000000e+00 +7.2034013298712806e-21 +0.0000000000000000e+00

+1.1050000000000000e-01 +2.0000000000000000e+00 +4.0047605946277752e-20 +0.0000000000000000e+00

+1.1150000000000000e-01 +2.0000000000000000e+00 +2.0426862902831080e-19 +0.0000000000000000e+00

+1.1250000000000000e-01 +2.0000000000000000e+00 +9.6379086078271606e-19 +0.0000000000000000e+00

+1.1350000000000000e-01 +2.0000000000000000e+00 +4.2355789360324728e-18 +0.0000000000000000e+00

+1.1450000000000000e-01 +2.0000000000000000e+00 +1.7439580811147598e-17 +0.0000000000000000e+00

+1.1550000000000001e-01 +2.0000000000000000e+00 +6.7614787936585199e-17 +0.0000000000000000e+00

+1.1650000000000001e-01 +2.0000000000000000e+00 +2.4793193854362685e-16 +0.0000000000000000e+00

+1.1750000000000001e-01 +2.0000000000000000e+00 +8.6313162885000497e-16 +0.0000000000000000e+00

+1.1850000000000001e-01 +2.0000000000000000e+00 +2.8625306223457369e-15 +0.0000000000000000e+00

+1.1950000000000000e-01 +2.0000000000000000e+00 +9.0711906547796006e-15 +0.0000000000000000e+00

+1.2050000000000000e-01 +2.0000000000000000e+00 +2.7541954251270648e-14 +0.0000000000000000e+00

+1.2150000000000000e-01 +2.0000000000000000e+00 +8.0315564526959472e-14 +0.0000000000000000e+00

+1.2250000000000000e-01 +2.0000000000000000e+00 +2.2544299278510405e-13 +0.0000000000000000e+00

+1.2350000000000000e-01 +2.0000000000000000e+00 +6.1034617207844456e-13 +0.0000000000000000e+00

+1.2450000000000000e-01 +2.0000000000000000e+00 +1.5966605690176312e-12 +0.0000000000000000e+00

+1.2550000000000000e-01 +2.0000000000000000e+00 +4.0427202734268169e-12 +0.0000000000000000e+00

+1.2650000000000000e-01 +2.0000000000000000e+00 +9.9226714859489049e-12 +0.0000000000000000e+00

+1.2750000000000000e-01 +2.0000000000000000e+00 +2.3642557648500454e-11 +0.0000000000000000e+00

+1.2850000000000000e-01 +2.0000000000000000e+00 +5.4757299481429901e-11 +0.0000000000000000e+00

+1.2950000000000000e-01 +2.0000000000000000e+00 +1.2342431594030874e-10 +0.0000000000000000e+00

+1.3050000000000000e-01 +2.0000000000000000e+00 +2.7105840132689831e-10 +0.0000000000000000e+00

+1.3150000000000001e-01 +2.0000000000000000e+00 +5.8061374165361866e-10 +0.0000000000000000e+00

+1.3250000000000001e-01 +2.0000000000000000e+00 +1.2142348288848748e-09 +0.0000000000000000e+00

+1.3350000000000001e-01 +2.0000000000000000e+00 +2.4814770033473876e-09 +0.0000000000000000e+00

+1.3450000000000001e-01 +2.0000000000000000e+00 +4.9600536092814206e-09 +0.0000000000000000e+00

+1.3550000000000001e-01 +2.0000000000000000e+00 +9.7047573977837121e-09 +0.0000000000000000e+00

+1.3650000000000001e-01 +2.0000000000000000e+00 +1.8601077001225515e-08 +0.0000000000000000e+00

+1.3750000000000001e-01 +2.0000000000000000e+00 +3.4951069785929379e-08 +0.0000000000000000e+00

+1.3850000000000001e-01 +2.0000000000000000e+00 +6.4424083095198170e-08 +0.0000000000000000e+00

+1.3950000000000001e-01 +2.0000000000000000e+00 +1.1656864510390452e-07 +0.0000000000000000e+00

+1.4050000000000001e-01 +2.0000000000000000e+00 +2.0716982159403186e-07 +0.0000000000000000e+00

+1.4150000000000001e-01 +2.0000000000000000e+00 +3.6185475706498090e-07 +0.0000000000000000e+00

+1.4250000000000002e-01 +2.0000000000000000e+00 +6.2150447017693112e-07 +0.0000000000000000e+00

+1.4350000000000002e-01 +2.0000000000000000e+00 +1.0502284150827091e-06 +0.0000000000000000e+00

+1.4450000000000002e-01 +2.0000000000000000e+00 +1.7469048255545675e-06 +0.0000000000000000e+00

+1.4549999999999999e-01 +2.0000000000000000e+00 +2.8615870823095725e-06 +0.0000000000000000e+00

+1.4649999999999999e-01 +2.0000000000000000e+00 +4.6184232478473530e-06 +0.0000000000000000e+00

+1.4749999999999999e-01 +2.0000000000000000e+00 +7.3471262283634798e-06 +0.0000000000000000e+00

+1.4849999999999999e-01 +2.0000000000000000e+00 +1.1525452667278804e-05 +0.0000000000000000e+00

+1.4949999999999999e-01 +2.0000000000000000e+00 +1.7835578309722356e-05 +0.0000000000000000e+00

+1.5049999999999999e-01 +2.0000000000000000e+00 +2.7237665516963252e-05 +0.0000000000000000e+00

+1.5150000000000000e-01 +2.0000000000000000e+00 +4.1064264351141033e-05 +0.0000000000000000e+00

+1.5250000000000000e-01 +2.0000000000000000e+00 +6.1139422273841462e-05 +0.0000000000000000e+00

+1.5350000000000000e-01 +2.0000000000000000e+00 +8.9926441181864756e-05 +0.0000000000000000e+00

+1.5450000000000000e-01 +2.0000000000000000e+00 +1.3070805130156442e-04 +0.0000000000000000e+00

+1.5550000000000000e-01 +2.0000000000000000e+00 +1.8780230546914395e-04 +0.0000000000000000e+00

+1.5650000000000000e-01 +2.0000000000000000e+00 +2.6681667507606207e-04 +0.0000000000000000e+00

+1.5750000000000000e-01 +2.0000000000000000e+00 +3.7494160190658160e-04 +0.0000000000000000e+00

+1.5850000000000000e-01 +2.0000000000000000e+00 +5.2128309770306069e-04 +0.0000000000000000e+00

+1.5950000000000000e-01 +2.0000000000000000e+00 +7.1723188021021052e-04 +0.0000000000000000e+00

+1.6050000000000000e-01 +2.0000000000000000e+00 +9.7686401703218407e-04 +0.0000000000000000e+00

+1.6150000000000000e-01 +2.0000000000000000e+00 +1.3173651800773953e-03 +0.0000000000000000e+00

+1.6250000000000001e-01 +2.0000000000000000e+00 +1.7594674966119035e-03 +0.0000000000000000e+00

+1.6350000000000001e-01 +2.0000000000000000e+00 +2.3278847607276997e-03 +0.0000000000000000e+00

+1.6450000000000001e-01 +2.0000000000000000e+00 +3.0517286205001583e-03 +0.0000000000000000e+00

+1.6550000000000001e-01 +2.0000000000000000e+00 +3.9648854897515688e-03 +0.0000000000000000e+00

+1.6650000000000001e-01 +2.0000000000000000e+00 +5.1063315763158305e-03 +0.0000000000000000e+00

+1.6750000000000001e-01 +2.0000000000000000e+00 +6.5203618029551396e-03 +0.0000000000000000e+00

+1.6850000000000001e-01 +2.0000000000000000e+00 +8.2567077430195854e-03 +0.0000000000000000e+00

+1.6950000000000001e-01 +2.0000000000000000e+00 +1.0370520191793691e-02 +0.0000000000000000e+00

+1.7050000000000001e-01 +2.0000000000000000e+00 +1.2922193790671006e-02 +0.0000000000000000e+00

+1.7150000000000001e-01 +2.0000000000000000e+00 +1.5977014296369201e-02 +0.0000000000000000e+00

+1.7250000000000001e-01 +2.0000000000000000e+00 +1.9604613646885805e-02 +0.0000000000000000e+00

+1.7350000000000002e-01 +2.0000000000000000e+00 +2.3878223840645092e-02 +0.0000000000000000e+00

+1.7450000000000002e-01 +2.0000000000000000e+00 +2.8873727648215067e-02 +0.0000000000000000e+00

+1.7549999999999999e-01 +2.0000000000000000e+00 +3.4668512064996049e-02 +0.0000000000000000e+00

+1.7649999999999999e-01 +2.0000000000000000e+00 +4.1340138860632231e-02 +0.0000000000000000e+00

+1.7749999999999999e-01 +2.0000000000000000e+00 +4.8964855198502147e-02 +0.0000000000000000e+00

+1.7849999999999999e-01 +2.0000000000000000e+00 +5.7615975658777636e-02 +0.0000000000000000e+00

+1.7949999999999999e-01 +2.0000000000000000e+00 +6.7362174658328514e-02 +0.0000000000000000e+00

+1.8049999999999999e-01 +2.0000000000000000e+00 +7.8265734789076044e-02 +0.0000000000000000e+00

+1.8149999999999999e-01 +2.0000000000000000e+00 +9.0380801601017746e-02 +0.0000000000000000e+00

+1.8250000000000000e-01 +2.0000000000000000e+00 +1.0375169850931926e-01 +0.0000000000000000e+00

+1.8350000000000000e-01 +2.0000000000000000e+00 +1.1841135656540885e-01 +0.0000000000000000e+00

+1.8450000000000000e-01 +2.0000000000000000e+00 +1.3437991266222074e-01 +0.0000000000000000e+00

+1.8550000000000000e-01 +2.0000000000000000e+00 +1.5166352631994653e-01 +0.0000000000000000e+00

+1.8650000000000000e-01 +2.0000000000000000e+00 +1.7025345961459351e-01 +0.0000000000000000e+00

+1.8750000000000000e-01 +2.0000000000000000e+00 +1.9012545727438851e-01 +0.0000000000000000e+00

+1.8850000000000000e-01 +2.0000000000000000e+00 +2.1123945478792069e-01 +0.0000000000000000e+00

+1.8950000000000000e-01 +2.0000000000000000e+00 +2.3353963193704458e-01 +0.0000000000000000e+00

+1.9050000000000000e-01 +2.0000000000000000e+00 +2.5695481794362468e-01 +0.0000000000000000e+00

+1.9150000000000000e-01 +2.0000000000000000e+00 +2.8139924289554891e-01 +0.0000000000000000e+00

+1.9250000000000000e-01 +2.0000000000000000e+00 +3.0677361879673110e-01 +0.0000000000000000e+00

+1.9350000000000001e-01 +2.0000000000000000e+00 +3.3296652295279006e-01 +0.0000000000000000e+00

+1.9450000000000001e-01 +2.0000000000000000e+00 +3.5985604690023371e-01 +0.0000000000000000e+00

+1.9550000000000001e-01 +2.0000000000000000e+00 +3.8731166608867607e-01 +0.0000000000000000e+00

+1.9650000000000001e-01 +2.0000000000000000e+00 +4.1519627932693787e-01 +0.0000000000000000e+00

+1.9750000000000001e-01 +2.0000000000000000e+00 +4.4336836280476938e-01 +0.0000000000000000e+00

+1.9850000000000001e-01 +2.0000000000000000e+00 +4.7168418140238566e-01 +0.0000000000000000e+00

+1.9950000000000001e-01 +2.0000000000000000e+00 +5.0000000000000200e-01 +0.0000000000000000e+00

+2.0050000000000001e-01 +2.0000000000000000e+00 +5.2817423950463016e-01 +1.0000000000000000e+00

+2.0150000000000001e-01 +2.0000000000000000e+00 +5.5606952614287586e-01 +1.0000000000000000e+00

+2.0250000000000001e-01 +2.0000000000000000e+00 +5.8355458797761794e-01 +1.0000000000000000e+00

+2.0350000000000001e-01 +2.0000000000000000e+00 +6.1050595929129725e-01 +1.0000000000000000e+00

+2.0450000000000002e-01 +2.0000000000000000e+00 +6.3680946110224379e-01 +1.0000000000000000e+00

+2.0550000000000002e-01 +2.0000000000000000e+00 +6.6236143429002048e-01 +1.0000000000000000e+00

+2.0650000000000002e-01 +2.0000000000000000e+00 +6.8706971024989871e-01 +1.0000000000000000e+00

+2.0750000000000002e-01 +2.0000000000000000e+00 +7.1085431234211804e-01 +1.0000000000000000e+00

+2.0850000000000002e-01 +2.0000000000000000e+00 +7.3364788934716085e-01 +1.0000000000000000e+00

+2.0949999999999999e-01 +2.0000000000000000e+00 +7.5539588942536762e-01 +1.0000000000000000e+00

+2.1049999999999999e-01 +2.0000000000000000e+00 +7.7605648949966388e-01 +1.0000000000000000e+00

+2.1149999999999999e-01 +2.0000000000000000e+00 +7.9560030038075491e-01 +1.0000000000000000e+00

+2.1249999999999999e-01 +2.0000000000000000e+00 +8.1400987223749699e-01 +1.0000000000000000e+00

+2.1350000000000000e-01 +2.0000000000000000e+00 +8.3127902813851173e-01 +1.0000000000000000e+00

+2.1450000000000000e-01 +2.0000000000000000e+00 +8.4741205536182806e-01 +1.0000000000000000e+00

+2.1550000000000000e-01 +2.0000000000000000e+00 +8.6242278503917447e-01 +1.0000000000000000e+00

+2.1650000000000000e-01 +2.0000000000000000e+00 +8.7633359055912918e-01 +1.0000000000000000e+00

+2.1750000000000000e-01 +2.0000000000000000e+00 +8.8917433411601055e-01 +1.0000000000000000e+00

+2.1850000000000000e-01 +2.0000000000000000e+00 +9.0098128899670227e-01 +1.0000000000000000e+00

+2.1950000000000000e-01 +2.0000000000000000e+00 +9.1179606279498293e-01 +1.0000000000000000e+00

+2.2050000000000000e-01 +2.0000000000000000e+00 +9.2166454388591401e-01 +1.0000000000000000e+00

+2.2150000000000000e-01 +2.0000000000000000e+00 +9.3063589033221483e-01 +1.0000000000000000e+00

+2.2250000000000000e-01 +2.0000000000000000e+00 +9.3876157707251207e-01 +1.0000000000000000e+00

+2.2350000000000000e-01 +2.0000000000000000e+00 +9.4609451388692656e-01 +1.0000000000000000e+00

+2.2450000000000001e-01 +2.0000000000000000e+00 +9.5268824336117841e-01 +1.0000000000000000e+00

+2.2550000000000001e-01 +2.0000000000000000e+00 +9.5859622497010810e-01 +1.0000000000000000e+00

+2.2650000000000001e-01 +2.0000000000000000e+00 +9.6387120854950947e-01 +1.0000000000000000e+00

+2.2750000000000001e-01 +2.0000000000000000e+00 +9.6856469787606347e-01 +1.0000000000000000e+00

+2.2850000000000001e-01 +2.0000000000000000e+00 +9.7272650286484375e-01 +1.0000000000000000e+00

+2.2950000000000001e-01 +2.0000000000000000e+00 +9.7640437704097516e-01 +1.0000000000000000e+00

+2.3050000000000001e-01 +2.0000000000000000e+00 +9.7964373544995254e-01 +1.0000000000000000e+00

+2.3150000000000001e-01 +2.0000000000000000e+00 +9.8248744703035240e-01 +1.0000000000000000e+00

+2.3250000000000001e-01 +2.0000000000000000e+00 +9.8497569466320223e-01 +1.0000000000000000e+00

+2.3350000000000001e-01 +2.0000000000000000e+00 +9.8714589560613897e-01 +1.0000000000000000e+00

+2.3450000000000001e-01 +2.0000000000000000e+00 +9.8903267478414003e-01 +1.0000000000000000e+00

+2.3550000000000001e-01 +2.0000000000000000e+00 +9.9066788340507417e-01 +1.0000000000000000e+00

+2.3650000000000002e-01 +2.0000000000000000e+00 +9.9208065555919023e-01 +1.0000000000000000e+00

+2.3750000000000002e-01 +2.0000000000000000e+00 +9.9329749580872062e-01 +1.0000000000000000e+00

+2.3850000000000002e-01 +2.0000000000000000e+00 +9.9434239124038259e-01 +1.0000000000000000e+00

+2.3949999999999999e-01 +2.0000000000000000e+00 +9.9523694200561830e-01 +1.0000000000000000e+00

+2.4049999999999999e-01 +2.0000000000000000e+00 +9.9600050498023063e-01 +1.0000000000000000e+00

+2.4149999999999999e-01 +2.0000000000000000e+00 +9.9665034580968759e-01 +1.0000000000000000e+00

+2.4249999999999999e-01 +2.0000000000000000e+00 +9.9720179524595243e-01 +1.0000000000000000e+00

+2.4349999999999999e-01 +2.0000000000000000e+00 +9.9766840630740705e-01 +1.0000000000000000e+00

+2.4450000000000000e-01 +2.0000000000000000e+00 +9.9806210939050921e-01 +1.0000000000000000e+00

+2.4550000000000000e-01 +2.0000000000000000e+00 +9.9839336301905046e-01 +1.0000000000000000e+00

+2.4650000000000000e-01 +2.0000000000000000e+00 +9.9867129842655944e-01 +1.0000000000000000e+00

+2.4750000000000000e-01 +2.0000000000000000e+00 +9.9890385662467907e-01 +1.0000000000000000e+00

+2.4850000000000000e-01 +2.0000000000000000e+00 +9.9909791701297501e-01 +1.0000000000000000e+00

+2.4950000000000000e-01 +2.0000000000000000e+00 +9.9925941693343601e-01 +1.0000000000000000e+00

+2.5050000000000000e-01 +2.0000000000000000e+00 +9.9939346186741873e-01 +1.0000000000000000e+00

+2.5150000000000000e-01 +2.0000000000000000e+00 +9.9950442621674196e-01 +1.0000000000000000e+00

+2.5250000000000000e-01 +2.0000000000000000e+00 +9.9959604480779518e-01 +1.0000000000000000e+00

+2.5350000000000000e-01 +2.0000000000000000e+00 +9.9967149541219191e-01 +1.0000000000000000e+00

+2.5450000000000000e-01 +2.0000000000000000e+00 +9.9973347269437496e-01 +1.0000000000000000e+00

+2.5550000000000000e-01 +2.0000000000000000e+00 +9.9978425408042171e-01 +1.0000000000000000e+00

+2.5650000000000001e-01 +2.0000000000000000e+00 +9.9982575809786378e-01 +1.0000000000000000e+00

+2.5750000000000001e-01 +2.0000000000000000e+00 +9.9985959576813499e-01 +1.0000000000000000e+00

+2.5850000000000001e-01 +2.0000000000000000e+00 +9.9988711564553900e-01 +1.0000000000000000e+00

+2.5950000000000001e-01 +2.0000000000000000e+00 +9.9990944309324414e-01 +1.0000000000000000e+00

+2.6050000000000001e-01 +2.0000000000000000e+00 +9.9992751437123051e-01 +1.0000000000000000e+00

+2.6150000000000001e-01 +2.0000000000000000e+00 +9.9994210608637468e-01 +1.0000000000000000e+00

+2.6250000000000001e-01 +2.0000000000000000e+00 +9.9995386052357427e-01 +1.0000000000000000e+00

+2.6350000000000001e-01 +2.0000000000000000e+00 +9.9996330734120109e-01 +1.0000000000000000e+00

+2.6450000000000001e-01 +2.0000000000000000e+00 +9.9997088207606644e-01 +1.0000000000000000e+00

+2.6550000000000001e-01 +2.0000000000000000e+00 +9.9997694186395880e-01 +1.0000000000000000e+00

+2.6650000000000001e-01 +2.0000000000000000e+00 +9.9998177874284866e-01 +1.0000000000000000e+00

+2.6750000000000002e-01 +2.0000000000000000e+00 +9.9998563086795256e-01 +1.0000000000000000e+00

+2.6850000000000002e-01 +2.0000000000000000e+00 +9.9998869193165130e-01 +1.0000000000000000e+00

+2.6950000000000002e-01 +2.0000000000000000e+00 +9.9999111904724680e-01 +1.0000000000000000e+00

+2.7050000000000002e-01 +2.0000000000000000e+00 +9.9999303932399719e-01 +1.0000000000000000e+00

+2.7150000000000002e-01 +2.0000000000000000e+00 +9.9999455533195802e-01 +1.0000000000000000e+00

+2.7250000000000002e-01 +2.0000000000000000e+00 +9.9999574962892712e-01 +1.0000000000000000e+00

+2.7350000000000002e-01 +2.0000000000000000e+00 +9.9999668849822065e-01 +1.0000000000000000e+00

+2.7450000000000002e-01 +2.0000000000000000e+00 +9.9999742502499422e-01 +1.0000000000000000e+00

+2.7550000000000002e-01 +2.0000000000000000e+00 +9.9999800162023966e-01 +1.0000000000000000e+00

+2.7650000000000002e-01 +2.0000000000000000e+00 +9.9999845208527527e-01 +1.0000000000000000e+00

+2.7750000000000002e-01 +2.0000000000000000e+00 +9.9999880329530288e-01 +1.0000000000000000e+00

+2.7850000000000003e-01 +2.0000000000000000e+00 +9.9999907656827391e-01 +1.0000000000000000e+00

+2.7950000000000003e-01 +2.0000000000000000e+00 +9.9999928877465927e-01 +1.0000000000000000e+00

+2.8050000000000003e-01 +2.0000000000000000e+00 +9.9999945323460793e-01 +1.0000000000000000e+00

+2.8150000000000003e-01 +2.0000000000000000e+00 +9.9999958044119786e-01 +1.0000000000000000e+00

+2.8250000000000003e-01 +2.0000000000000000e+00 +9.9999967864188954e-01 +1.0000000000000000e+00

+2.8350000000000003e-01 +2.0000000000000000e+00 +9.9999975430471777e-01 +1.0000000000000000e+00

+2.8450000000000003e-01 +2.0000000000000000e+00 +9.9999981249107728e-01 +1.0000000000000000e+00

+2.8550000000000003e-01 +2.0000000000000000e+00 +9.9999985715303985e-01 +1.0000000000000000e+00

+2.8650000000000003e-01 +2.0000000000000000e+00 +9.9999989136986600e-01 +1.0000000000000000e+00

+2.8750000000000003e-01 +2.0000000000000000e+00 +9.9999991753567430e-01 +1.0000000000000000e+00

+2.8849999999999998e-01 +2.0000000000000000e+00 +9.9999993750798000e-01 +1.0000000000000000e+00

+2.8949999999999998e-01 +2.0000000000000000e+00 +9.9999995272497499e-01 +1.0000000000000000e+00

+2.9049999999999998e-01 +2.0000000000000000e+00 +9.9999996429789983e-01 +1.0000000000000000e+00

+2.9149999999999998e-01 +2.0000000000000000e+00 +9.9999997308362831e-01 +1.0000000000000000e+00

+2.9249999999999998e-01 +2.0000000000000000e+00 +9.9999997974156318e-01 +1.0000000000000000e+00

+2.9349999999999998e-01 +2.0000000000000000e+00 +9.9999998477813568e-01 +1.0000000000000000e+00

+2.9449999999999998e-01 +2.0000000000000000e+00 +9.9999998858152661e-01 +1.0000000000000000e+00

+2.9549999999999998e-01 +2.0000000000000000e+00 +9.9999999144869844e-01 +1.0000000000000000e+00

+2.9649999999999999e-01 +2.0000000000000000e+00 +9.9999999360639147e-01 +1.0000000000000000e+00

+2.9749999999999999e-01 +2.0000000000000000e+00 +9.9999999522739946e-01 +1.0000000000000000e+00

+2.9849999999999999e-01 +2.0000000000000000e+00 +9.9999999644315551e-01 +1.0000000000000000e+00

+2.9949999999999999e-01 +2.0000000000000000e+00 +9.9999999735344536e-01 +1.0000000000000000e+00

+3.0049999999999999e-01 +2.0000000000000000e+00 +9.9999999803388695e-01 +1.0000000000000000e+00

+3.0149999999999999e-01 +2.0000000000000000e+00 +9.9999999854167909e-01 +1.0000000000000000e+00

+3.0249999999999999e-01 +2.0000000000000000e+00 +9.9999999892000957e-01 +1.0000000000000000e+00

+3.0349999999999999e-01 +2.0000000000000000e+00 +9.9999999920142768e-01 +1.0000000000000000e+00

+3.0449999999999999e-01 +2.0000000000000000e+00 +9.9999999941042217e-01 +1.0000000000000000e+00

+3.0549999999999999e-01 +2.0000000000000000e+00 +9.9999999956538366e-01 +1.0000000000000000e+00

+3.0649999999999999e-01 +2.0000000000000000e+00 +9.9999999968010056e-01 +1.0000000000000000e+00

+3.0750000000000000e-01 +2.0000000000000000e+00 +9.9999999976489118e-01 +1.0000000000000000e+00

+3.0850000000000000e-01 +2.0000000000000000e+00 +9.9999999982746501e-01 +1.0000000000000000e+00

+3.0950000000000000e-01 +2.0000000000000000e+00 +9.9999999987357202e-01 +1.0000000000000000e+00

+3.1050000000000000e-01 +2.0000000000000000e+00 +9.9999999990749366e-01 +1.0000000000000000e+00

+3.1150000000000000e-01 +2.0000000000000000e+00 +9.9999999993241262e-01 +1.0000000000000000e+00

+3.1250000000000000e-01 +2.0000000000000000e+00 +9.9999999995069022e-01 +1.0000000000000000e+00

+3.1350000000000000e-01 +2.0000000000000000e+00 +9.9999999996407674e-01 +1.0000000000000000e+00

+3.1450000000000000e-01 +2.0000000000000000e+00 +9.9999999997386635e-01 +1.0000000000000000e+00

+3.1550000000000000e-01 +2.0000000000000000e+00 +9.9999999998101496e-01 +1.0000000000000000e+00

+3.1650000000000000e-01 +2.0000000000000000e+00 +9.9999999998622713e-01 +1.0000000000000000e+00

+3.1750000000000000e-01 +2.0000000000000000e+00 +9.9999999999002187e-01 +1.0000000000000000e+00

+3.1850000000000001e-01 +2.0000000000000000e+00 +9.9999999999277922e-01 +1.0000000000000000e+00

+3.1950000000000001e-01 +2.0000000000000000e+00 +9.9999999999477651e-01 +1.0000000000000000e+00

+3.2050000000000001e-01 +2.0000000000000000e+00 +9.9999999999621048e-01 +1.0000000000000000e+00

+3.2150000000000001e-01 +2.0000000000000000e+00 +9.9999999999720923e-01 +1.0000000000000000e+00

+3.2250000000000001e-01 +2.0000000000000000e+00 +9.9999999999782441e-01 +1.0000000000000000e+00

+3.2350000000000001e-01 +2.0000000000000000e+00 +9.9999999999798861e-01 +1.0000000000000000e+00

+3.2450000000000001e-01 +2.0000000000000000e+00 +9.9999999999739786e-01 +1.0000000000000000e+00

+3.2550000000000001e-01 +2.0000000000000000e+00 +9.9999999999523692e-01 +1.0000000000000000e+00

+3.2650000000000001e-01 +2.0000000000000000e+00 +9.9999999998956168e-01 +1.0000000000000000e+00

+3.2750000000000001e-01 +2.0000000000000000e+00 +9.9999999997598887e-01 +1.0000000000000000e+00

+3.2850000000000001e-01 +2.0000000000000000e+00 +9.9999999994497957e-01 +1.0000000000000000e+00

+3.2950000000000002e-01 +2.0000000000000000e+00 +9.9999999987638799e-01 +1.0000000000000000e+00

+3.3050000000000002e-01 +2.0000000000000000e+00 +9.9999999972880804e-01 +1.0000000000000000e+00

+3.3150000000000002e-01 +2.0000000000000000e+00 +9.9999999941929130e-01 +1.0000000000000000e+00

+3.3250000000000002e-01 +2.0000000000000000e+00 +9.9999999878569767e-01 +1.0000000000000000e+00

+3.3350000000000002e-01 +2.0000000000000000e+00 +9.9999999751847501e-01 +1.0000000000000000e+00

+3.3450000000000002e-01 +2.0000000000000000e+00 +9.9999999503991255e-01 +1.0000000000000000e+00

+3.3550000000000002e-01 +2.0000000000000000e+00 +9.9999999029521880e-01 +1.0000000000000000e+00

+3.3650000000000002e-01 +2.0000000000000000e+00 +9.9999998139890600e-01 +1.0000000000000000e+00

+3.3750000000000002e-01 +2.0000000000000000e+00 +9.9999996504891808e-01 +1.0000000000000000e+00

+3.3850000000000002e-01 +2.0000000000000000e+00 +9.9999993557590827e-01 +1.0000000000000000e+00

+3.3950000000000002e-01 +2.0000000000000000e+00 +9.9999988343134882e-01 +1.0000000000000000e+00

+3.4050000000000002e-01 +2.0000000000000000e+00 +9.9999979283017404e-01 +1.0000000000000000e+00

+3.4150000000000003e-01 +2.0000000000000000e+00 +9.9999963814523984e-01 +1.0000000000000000e+00

+3.4250000000000003e-01 +2.0000000000000000e+00 +9.9999937849552778e-01 +1.0000000000000000e+00

+3.4350000000000003e-01 +2.0000000000000000e+00 +9.9999894977158366e-01 +1.0000000000000000e+00

+3.4450000000000003e-01 +2.0000000000000000e+00 +9.9999825309517343e-01 +1.0000000000000000e+00

+3.4550000000000003e-01 +2.0000000000000000e+00 +9.9999713841291726e-01 +1.0000000000000000e+00

+3.4650000000000003e-01 +2.0000000000000000e+00 +9.9999538157675194e-01 +1.0000000000000000e+00

+3.4750000000000003e-01 +2.0000000000000000e+00 +9.9999265287377181e-01 +1.0000000000000000e+00

+3.4850000000000003e-01 +2.0000000000000000e+00 +9.9998847454733308e-01 +1.0000000000000000e+00

+3.4950000000000003e-01 +2.0000000000000000e+00 +9.9998216442169063e-01 +1.0000000000000000e+00

+3.5050000000000003e-01 +2.0000000000000000e+00 +9.9997276233448351e-01 +1.0000000000000000e+00

+3.5150000000000003e-01 +2.0000000000000000e+00 +9.9995893573564953e-01 +1.0000000000000000e+00

+3.5249999999999998e-01 +2.0000000000000000e+00 +9.9993886057772685e-01 +1.0000000000000000e+00

+3.5349999999999998e-01 +2.0000000000000000e+00 +9.9991007355881889e-01 +1.0000000000000000e+00

+3.5449999999999998e-01 +2.0000000000000000e+00 +9.9986929194869911e-01 +1.0000000000000000e+00

+3.5549999999999998e-01 +2.0000000000000000e+00 +9.9981219769453133e-01 +1.0000000000000000e+00

+3.5649999999999998e-01 +2.0000000000000000e+00 +9.9973318332492422e-01 +1.0000000000000000e+00

+3.5749999999999998e-01 +2.0000000000000000e+00 +9.9962505839809368e-01 +1.0000000000000000e+00

+3.5849999999999999e-01 +2.0000000000000000e+00 +9.9947871690229728e-01 +1.0000000000000000e+00

+3.5949999999999999e-01 +2.0000000000000000e+00 +9.9928276811979011e-01 +1.0000000000000000e+00

+3.6049999999999999e-01 +2.0000000000000000e+00 +9.9902313598296799e-01 +1.0000000000000000e+00

+3.6149999999999999e-01 +2.0000000000000000e+00 +9.9868263481992281e-01 +1.0000000000000000e+00

+3.6249999999999999e-01 +2.0000000000000000e+00 +9.9824053250338818e-01 +1.0000000000000000e+00

+3.6349999999999999e-01 +2.0000000000000000e+00 +9.9767211523927246e-01 +1.0000000000000000e+00

+3.6449999999999999e-01 +2.0000000000000000e+00 +9.9694827137950004e-01 +1.0000000000000000e+00

+3.6549999999999999e-01 +2.0000000000000000e+00 +9.9603511451024851e-01 +1.0000000000000000e+00

+3.6649999999999999e-01 +2.0000000000000000e+00 +9.9489366842368443e-01 +1.0000000000000000e+00

+3.6749999999999999e-01 +2.0000000000000000e+00 +9.9347963819704510e-01 +1.0000000000000000e+00

+3.6849999999999999e-01 +2.0000000000000000e+00 +9.9174329225698066e-01 +1.0000000000000000e+00

+3.6950000000000000e-01 +2.0000000000000000e+00 +9.8962947980820637e-01 +1.0000000000000000e+00

+3.7050000000000000e-01 +2.0000000000000000e+00 +9.8707780620932917e-01 +1.0000000000000000e+00

+3.7150000000000000e-01 +2.0000000000000000e+00 +9.8402298570363100e-01 +1.0000000000000000e+00

+3.7250000000000000e-01 +2.0000000000000000e+00 +9.8039538635311441e-01 +1.0000000000000000e+00

+3.7350000000000000e-01 +2.0000000000000000e+00 +9.7612177615935503e-01 +1.0000000000000000e+00

+3.7450000000000000e-01 +2.0000000000000000e+00 +9.7112627235178495e-01 +1.0000000000000000e+00

+3.7550000000000000e-01 +2.0000000000000000e+00 +9.6533148793500378e-01 +1.0000000000000000e+00

+3.7650000000000000e-01 +2.0000000000000000e+00 +9.5865986113936752e-01 +1.0000000000000000e+00

+3.7750000000000000e-01 +2.0000000000000000e+00 +9.5103514480149776e-01 +1.0000000000000000e+00

+3.7850000000000000e-01 +2.0000000000000000e+00 +9.4238402434122226e-01 +1.0000000000000000e+00

+3.7950000000000000e-01 +2.0000000000000000e+00 +9.3263782534167128e-01 +1.0000000000000000e+00

+3.8050000000000000e-01 +2.0000000000000000e+00 +9.2173426521092372e-01 +1.0000000000000000e+00

+3.8150000000000001e-01 +2.0000000000000000e+00 +9.0961919839898187e-01 +1.0000000000000000e+00

+3.8250000000000001e-01 +2.0000000000000000e+00 +8.9624830149068035e-01 +1.0000000000000000e+00

+3.8350000000000001e-01 +2.0000000000000000e+00 +8.8158864343459065e-01 +1.0000000000000000e+00

+3.8450000000000001e-01 +2.0000000000000000e+00 +8.6562008733777873e-01 +1.0000000000000000e+00

+3.8550000000000001e-01 +2.0000000000000000e+00 +8.4833647368005283e-01 +1.0000000000000000e+00

+3.8650000000000001e-01 +2.0000000000000000e+00 +8.2974654038540585e-01 +1.0000000000000000e+00

+3.8750000000000001e-01 +2.0000000000000000e+00 +8.0987454272561077e-01 +1.0000000000000000e+00

+3.8850000000000001e-01 +2.0000000000000000e+00 +7.8876054521207850e-01 +1.0000000000000000e+00

+3.8950000000000001e-01 +2.0000000000000000e+00 +7.6646036806295459e-01 +1.0000000000000000e+00

+3.9050000000000001e-01 +2.0000000000000000e+00 +7.4304518205637438e-01 +1.0000000000000000e+00

+3.9150000000000001e-01 +2.0000000000000000e+00 +7.1860075710445015e-01 +1.0000000000000000e+00

+3.9250000000000002e-01 +2.0000000000000000e+00 +6.9322638120326785e-01 +1.0000000000000000e+00

+3.9350000000000002e-01 +2.0000000000000000e+00 +6.6703347704720883e-01 +1.0000000000000000e+00

+3.9450000000000002e-01 +2.0000000000000000e+00 +6.4014395309976524e-01 +1.0000000000000000e+00

+3.9550000000000002e-01 +2.0000000000000000e+00 +6.1268833391132282e-01 +1.0000000000000000e+00

+3.9650000000000002e-01 +2.0000000000000000e+00 +5.8480372067306119e-01 +1.0000000000000000e+00

+3.9750000000000002e-01 +2.0000000000000000e+00 +5.5663163719522968e-01 +1.0000000000000000e+00

+3.9850000000000002e-01 +2.0000000000000000e+00 +5.2831581859761345e-01 +1.0000000000000000e+00

+3.9950000000000002e-01 +2.0000000000000000e+00 +4.9999999999999706e-01 +1.0000000000000000e+00

+4.0050000000000002e-01 +2.0000000000000000e+00 +4.7182576049536890e-01 +0.0000000000000000e+00

+4.0150000000000002e-01 +2.0000000000000000e+00 +4.4393047385712309e-01 +0.0000000000000000e+00

+4.0250000000000002e-01 +2.0000000000000000e+00 +4.1644541202238100e-01 +0.0000000000000000e+00

+4.0350000000000003e-01 +2.0000000000000000e+00 +3.8949404070870186e-01 +0.0000000000000000e+00

+4.0450000000000003e-01 +2.0000000000000000e+00 +3.6319053889775538e-01 +0.0000000000000000e+00

+4.0550000000000003e-01 +2.0000000000000000e+00 +3.3763856570997880e-01 +0.0000000000000000e+00

+4.0650000000000003e-01 +2.0000000000000000e+00 +3.1293028975010057e-01 +0.0000000000000000e+00

+4.0750000000000003e-01 +2.0000000000000000e+00 +2.8914568765788129e-01 +0.0000000000000000e+00

+4.0850000000000003e-01 +2.0000000000000000e+00 +2.6635211065283781e-01 +0.0000000000000000e+00

+4.0950000000000003e-01 +2.0000000000000000e+00 +2.4460411057463124e-01 +0.0000000000000000e+00

+4.1050000000000003e-01 +2.0000000000000000e+00 +2.2394351050033506e-01 +0.0000000000000000e+00

+4.1150000000000003e-01 +2.0000000000000000e+00 +2.0439969961924406e-01 +0.0000000000000000e+00

+4.1250000000000003e-01 +2.0000000000000000e+00 +1.8599012776250209e-01 +0.0000000000000000e+00

+4.1350000000000003e-01 +2.0000000000000000e+00 +1.6872097186148755e-01 +0.0000000000000000e+00

+4.1450000000000004e-01 +2.0000000000000000e+00 +1.5258794463817130e-01 +0.0000000000000000e+00

+4.1550000000000004e-01 +2.0000000000000000e+00 +1.3757721496082490e-01 +0.0000000000000000e+00

+4.1649999999999998e-01 +2.0000000000000000e+00 +1.2366640944087097e-01 +0.0000000000000000e+00

+4.1749999999999998e-01 +2.0000000000000000e+00 +1.1082566588398972e-01 +0.0000000000000000e+00

+4.1849999999999998e-01 +2.0000000000000000e+00 +9.9018711003298066e-02 +0.0000000000000000e+00

+4.1949999999999998e-01 +2.0000000000000000e+00 +8.8203937205017471e-02 +0.0000000000000000e+00

+4.2049999999999998e-01 +2.0000000000000000e+00 +7.8335456114086419e-02 +0.0000000000000000e+00

+4.2149999999999999e-01 +2.0000000000000000e+00 +6.9364109667785487e-02 +0.0000000000000000e+00

+4.2249999999999999e-01 +2.0000000000000000e+00 +6.1238422927488316e-02 +0.0000000000000000e+00

+4.2349999999999999e-01 +2.0000000000000000e+00 +5.3905486113073803e-02 +0.0000000000000000e+00

+4.2449999999999999e-01 +2.0000000000000000e+00 +4.7311756638822054e-02 +0.0000000000000000e+00

+4.2549999999999999e-01 +2.0000000000000000e+00 +4.1403775029892488e-02 +0.0000000000000000e+00

+4.2649999999999999e-01 +2.0000000000000000e+00 +3.6128791450491103e-02 +0.0000000000000000e+00

+4.2749999999999999e-01 +2.0000000000000000e+00 +3.1435302123937109e-02 +0.0000000000000000e+00

+4.2849999999999999e-01 +2.0000000000000000e+00 +2.7273497135156803e-02 +0.0000000000000000e+00

+4.2949999999999999e-01 +2.0000000000000000e+00 +2.3595622959025380e-02 +0.0000000000000000e+00

+4.3049999999999999e-01 +2.0000000000000000e+00 +2.0356264550048082e-02 +0.0000000000000000e+00

+4.3149999999999999e-01 +2.0000000000000000e+00 +1.7512552969648168e-02 +0.0000000000000000e+00

+4.3250000000000000e-01 +2.0000000000000000e+00 +1.5024305336798244e-02 +0.0000000000000000e+00

+4.3350000000000000e-01 +2.0000000000000000e+00 +1.2854104393861473e-02 +0.0000000000000000e+00

+4.3450000000000000e-01 +2.0000000000000000e+00 +1.0967325215860474e-02 +0.0000000000000000e+00

+4.3550000000000000e-01 +2.0000000000000000e+00 +9.3321165949262746e-03 +0.0000000000000000e+00

+4.3650000000000000e-01 +2.0000000000000000e+00 +7.9193444408103327e-03 +0.0000000000000000e+00

+4.3750000000000000e-01 +2.0000000000000000e+00 +6.7025041912798138e-03 +0.0000000000000000e+00

+4.3850000000000000e-01 +2.0000000000000000e+00 +5.6576087596177374e-03 +0.0000000000000000e+00

+4.3950000000000000e-01 +2.0000000000000000e+00 +4.7630579943818601e-03 +0.0000000000000000e+00

+4.4050000000000000e-01 +2.0000000000000000e+00 +3.9994950197698087e-03 +0.0000000000000000e+00

+4.4150000000000000e-01 +2.0000000000000000e+00 +3.3496541903127431e-03 +0.0000000000000000e+00

+4.4250000000000000e-01 +2.0000000000000000e+00 +2.7982047540481211e-03 +0.0000000000000000e+00

+4.4350000000000001e-01 +2.0000000000000000e+00 +2.3315936925934408e-03 +0.0000000000000000e+00

+4.4450000000000001e-01 +2.0000000000000000e+00 +1.9378906094910547e-03 +0.0000000000000000e+00

+4.4550000000000001e-01 +2.0000000000000000e+00 +1.6066369809497368e-03 +0.0000000000000000e+00

+4.4650000000000001e-01 +2.0000000000000000e+00 +1.3287015734407544e-03 +0.0000000000000000e+00

+4.4750000000000001e-01 +2.0000000000000000e+00 +1.0961433753209938e-03 +0.0000000000000000e+00

+4.4850000000000001e-01 +2.0000000000000000e+00 +9.0208298702511281e-04 +0.0000000000000000e+00

+4.4950000000000001e-01 +2.0000000000000000e+00 +7.4058306656411116e-04 +0.0000000000000000e+00

+4.5050000000000001e-01 +2.0000000000000000e+00 +6.0653813258147976e-04 +0.0000000000000000e+00

+4.5150000000000001e-01 +2.0000000000000000e+00 +4.9557378325810954e-04 +0.0000000000000000e+00

+4.5250000000000001e-01 +2.0000000000000000e+00 +4.0395519220493215e-04 +0.0000000000000000e+00

+4.5350000000000001e-01 +2.0000000000000000e+00 +3.2850458780819787e-04 +0.0000000000000000e+00

+4.5450000000000002e-01 +2.0000000000000000e+00 +2.6652730562516614e-04 +0.0000000000000000e+00

+4.5550000000000002e-01 +2.0000000000000000e+00 +2.1574591957842411e-04 +0.0000000000000000e+00

+4.5650000000000002e-01 +2.0000000000000000e+00 +1.7424190213637534e-04 +0.0000000000000000e+00

+4.5750000000000002e-01 +2.0000000000000000e+00 +1.4040423186515086e-04 +0.0000000000000000e+00

+4.5850000000000002e-01 +2.0000000000000000e+00 +1.1288435446102212e-04 +0.0000000000000000e+00

+4.5950000000000002e-01 +2.0000000000000000e+00 +9.0556906755785615e-05 +0.0000000000000000e+00

+4.6050000000000002e-01 +2.0000000000000000e+00 +7.2485628769359829e-05 +0.0000000000000000e+00

+4.6150000000000002e-01 +2.0000000000000000e+00 +5.7893913625040886e-05 +0.0000000000000000e+00

+4.6250000000000002e-01 +2.0000000000000000e+00 +4.6139476425450625e-05 +0.0000000000000000e+00

+4.6350000000000002e-01 +2.0000000000000000e+00 +3.6692658798786066e-05 +0.0000000000000000e+00

+4.6450000000000002e-01 +2.0000000000000000e+00 +2.9117923933503204e-05 +0.0000000000000000e+00

+4.6550000000000002e-01 +2.0000000000000000e+00 +2.3058136041276922e-05 +0.0000000000000000e+00

+4.6650000000000003e-01 +2.0000000000000000e+00 +1.8221257151397510e-05 +0.0000000000000000e+00

+4.6750000000000003e-01 +2.0000000000000000e+00 +1.4369132047481571e-05 +0.0000000000000000e+00

+4.6850000000000003e-01 +2.0000000000000000e+00 +1.1308068348834087e-05 +0.0000000000000000e+00

+4.6950000000000003e-01 +2.0000000000000000e+00 +8.8809527534567949e-06 +0.0000000000000000e+00

+4.7050000000000003e-01 +2.0000000000000000e+00 +6.9606760029965259e-06 +0.0000000000000000e+00

+4.7150000000000003e-01 +2.0000000000000000e+00 +5.4446680421068401e-06 +0.0000000000000000e+00

+4.7250000000000003e-01 +2.0000000000000000e+00 +4.2503710729175833e-06 +0.0000000000000000e+00

+4.7350000000000003e-01 +2.0000000000000000e+00 +3.3115017792196701e-06 +0.0000000000000000e+00

+4.7450000000000003e-01 +2.0000000000000000e+00 +2.5749750057152734e-06 +0.0000000000000000e+00

+4.7550000000000003e-01 +2.0000000000000000e+00 +1.9983797601718317e-06 +0.0000000000000000e+00

+4.7650000000000003e-01 +2.0000000000000000e+00 +1.5479147245910184e-06 +0.0000000000000000e+00

+4.7750000000000004e-01 +2.0000000000000000e+00 +1.1967046968500454e-06 +0.0000000000000000e+00

+4.7850000000000004e-01 +2.0000000000000000e+00 +9.2343172582687284e-07 +0.0000000000000000e+00

+4.7950000000000004e-01 +2.0000000000000000e+00 +7.1122534050721157e-07 +0.0000000000000000e+00

+4.8049999999999998e-01 +2.0000000000000000e+00 +5.4676539188446506e-07 +0.0000000000000000e+00

+4.8149999999999998e-01 +2.0000000000000000e+00 +4.1955880178952309e-07 +0.0000000000000000e+00

+4.8249999999999998e-01 +2.0000000000000000e+00 +3.2135810998546083e-07 +0.0000000000000000e+00

+4.8349999999999999e-01 +2.0000000000000000e+00 +2.4569528187413421e-07 +0.0000000000000000e+00

+4.8449999999999999e-01 +2.0000000000000000e+00 +1.8750892221243470e-07 +0.0000000000000000e+00

+4.8549999999999999e-01 +2.0000000000000000e+00 +1.4284695966129240e-07 +0.0000000000000000e+00

+4.8649999999999999e-01 +2.0000000000000000e+00 +1.0863013351323986e-07 +0.0000000000000000e+00

+4.8749999999999999e-01 +2.0000000000000000e+00 +8.2464325282376172e-08 +0.0000000000000000e+00

+4.8849999999999999e-01 +2.0000000000000000e+00 +6.2492019531690327e-08 +0.0000000000000000e+00

+4.8949999999999999e-01 +2.0000000000000000e+00 +4.7275024674024932e-08 +0.0000000000000000e+00

+4.9049999999999999e-01 +2.0000000000000000e+00 +3.5702099637537307e-08 +0.0000000000000000e+00

+4.9149999999999999e-01 +2.0000000000000000e+00 +2.6916371206695925e-08 +0.0000000000000000e+00

+4.9249999999999999e-01 +2.0000000000000000e+00 +2.0258436380198946e-08 +0.0000000000000000e+00

+4.9349999999999999e-01 +2.0000000000000000e+00 +1.5221863920776365e-08 +0.0000000000000000e+00

+4.9450000000000000e-01 +2.0000000000000000e+00 +1.1418472862501064e-08 +0.0000000000000000e+00

+4.9550000000000000e-01 +2.0000000000000000e+00 +8.5513011416473775e-09 +0.0000000000000000e+00

+4.9650000000000000e-01 +2.0000000000000000e+00 +6.3936081374335069e-09 +0.0000000000000000e+00

+4.9750000000000000e-01 +2.0000000000000000e+00 +4.7726001951814636e-09 +0.0000000000000000e+00

+4.9850000000000000e-01 +2.0000000000000000e+00 +3.5568442384924317e-09 +0.0000000000000000e+00

+4.9950000000000000e-01 +2.0000000000000000e+00 +2.6465546025795387e-09 +0.0000000000000000e+00

+5.0049999999999994e-01 +2.0000000000000000e+00 +1.9661130997346517e-09 +0.0000000000000000e+00

+5.0150000000000006e-01 +2.0000000000000000e+00 +1.4583209334324978e-09 +0.0000000000000000e+00

+5.0249999999999995e-01 +2.0000000000000000e+00 +1.0799906313113385e-09 +0.0000000000000000e+00

+5.0350000000000006e-01 +2.0000000000000000e+00 +7.9857252480742226e-10 +0.0000000000000000e+00

+5.0449999999999995e-01 +2.0000000000000000e+00 +5.8957819571260221e-10 +0.0000000000000000e+00

+5.0550000000000006e-01 +2.0000000000000000e+00 +4.3461654682278456e-10 +0.0000000000000000e+00

+5.0649999999999995e-01 +2.0000000000000000e+00 +3.1989979218347785e-10 +0.0000000000000000e+00

+5.0750000000000006e-01 +2.0000000000000000e+00 +2.3510914745007733e-10 +0.0000000000000000e+00

+5.0849999999999995e-01 +2.0000000000000000e+00 +1.7253528222614953e-10 +0.0000000000000000e+00

+5.0950000000000006e-01 +2.0000000000000000e+00 +1.2642822364009749e-10 +0.0000000000000000e+00

+5.1049999999999995e-01 +2.0000000000000000e+00 +9.2506601966073525e-11 +0.0000000000000000e+00

+5.1150000000000007e-01 +2.0000000000000000e+00 +6.7587875143923226e-11 +0.0000000000000000e+00

+5.1249999999999996e-01 +2.0000000000000000e+00 +4.9310224102204513e-11 +0.0000000000000000e+00

+5.1350000000000007e-01 +2.0000000000000000e+00 +3.5923775451931658e-11 +0.0000000000000000e+00

+5.1449999999999996e-01 +2.0000000000000000e+00 +2.6134152957690065e-11 +0.0000000000000000e+00

+5.1550000000000007e-01 +2.0000000000000000e+00 +1.8985451880499694e-11 +0.0000000000000000e+00

+5.1649999999999996e-01 +2.0000000000000000e+00 +1.3772857345048387e-11 +0.0000000000000000e+00

+5.1750000000000007e-01 +2.0000000000000000e+00 +9.9775120150884504e-12 +0.0000000000000000e+00

+5.1849999999999996e-01 +2.0000000000000000e+00 +7.2180522224340950e-12 +0.0000000000000000e+00

+5.1950000000000007e-01 +2.0000000000000000e+00 +5.2146088113288793e-12 +0.0000000000000000e+00

+5.2049999999999996e-01 +2.0000000000000000e+00 +3.7621123382775984e-12 +0.0000000000000000e+00

+5.2150000000000007e-01 +2.0000000000000000e+00 +2.7105311813173957e-12 +0.0000000000000000e+00

+5.2249999999999996e-01 +2.0000000000000000e+00 +1.9502664259475195e-12 +0.0000000000000000e+00

+5.2350000000000008e-01 +2.0000000000000000e+00 +1.4013757281244257e-12 +0.0000000000000000e+00

+5.2449999999999997e-01 +2.0000000000000000e+00 +1.0056353366135793e-12 +0.0000000000000000e+00

+5.2550000000000008e-01 +2.0000000000000000e+00 +7.2070225472576991e-13 +0.0000000000000000e+00

+5.2649999999999997e-01 +2.0000000000000000e+00 +5.1582780425334067e-13 +0.0000000000000000e+00

+5.2750000000000008e-01 +2.0000000000000000e+00 +3.6871531338547316e-13 +0.0000000000000000e+00

+5.2849999999999997e-01 +2.0000000000000000e+00 +2.6322017190785767e-13 +0.0000000000000000e+00

+5.2950000000000008e-01 +2.0000000000000000e+00 +1.8766906622083178e-13 +0.0000000000000000e+00

+5.3049999999999997e-01 +2.0000000000000000e+00 +1.3363360150119810e-13 +0.0000000000000000e+00

+5.3150000000000008e-01 +2.0000000000000000e+00 +9.5036840987174067e-14 +0.0000000000000000e+00

+5.3249999999999997e-01 +2.0000000000000000e+00 +6.7503376051523321e-14 +0.0000000000000000e+00

+5.3350000000000009e-01 +2.0000000000000000e+00 +4.7887259402089749e-14 +0.0000000000000000e+00

+5.3449999999999998e-01 +2.0000000000000000e+00 +3.3929637939992792e-14 +0.0000000000000000e+00

+5.3550000000000009e-01 +2.0000000000000000e+00 +2.4010817581821768e-14 +0.0000000000000000e+00

+5.3649999999999998e-01 +2.0000000000000000e+00 +1.6970976861509713e-14 +0.0000000000000000e+00

+5.3750000000000009e-01 +2.0000000000000000e+00 +1.1980710021794840e-14 +0.0000000000000000e+00

+5.3849999999999998e-01 +2.0000000000000000e+00 +8.4476849693076309e-15 +0.0000000000000000e+00

+5.3950000000000009e-01 +2.0000000000000000e+00 +5.9494371288459655e-15 +0.0000000000000000e+00

+5.4049999999999998e-01 +2.0000000000000000e+00 +4.1850495915199162e-15 +0.0000000000000000e+00

+5.4150000000000009e-01 +2.0000000000000000e+00 +2.9404608722442804e-15 +0.0000000000000000e+00

+5.4249999999999998e-01 +2.0000000000000000e+00 +2.0635915473000827e-15 +0.0000000000000000e+00

+5.4350000000000009e-01 +2.0000000000000000e+00 +1.4465353556726850e-15 +0.0000000000000000e+00

+5.4449999999999998e-01 +2.0000000000000000e+00 +1.0128257783608055e-15 +0.0000000000000000e+00

+5.4550000000000010e-01 +2.0000000000000000e+00 +7.0834395265613921e-16 +0.0000000000000000e+00

+5.4649999999999999e-01 +2.0000000000000000e+00 +4.9483535536323299e-16 +0.0000000000000000e+00

+5.4750000000000010e-01 +2.0000000000000000e+00 +3.4529289653054981e-16 +0.0000000000000000e+00

+5.4849999999999999e-01 +2.0000000000000000e+00 +2.4067347472623326e-16 +0.0000000000000000e+00

+5.4950000000000010e-01 +2.0000000000000000e+00 +1.6756592695936152e-16 +0.0000000000000000e+00

+5.5049999999999999e-01 +2.0000000000000000e+00 +1.1653685861808507e-16 +0.0000000000000000e+00

+5.5150000000000010e-01 +2.0000000000000000e+00 +8.0958822921976012e-17 +0.0000000000000000e+00

+5.5249999999999999e-01 +2.0000000000000000e+00 +5.6181262347900076e-17 +0.0000000000000000e+00

+5.5350000000000010e-01 +2.0000000000000000e+00 +3.8944698470282048e-17 +0.0000000000000000e+00

+5.5449999999999999e-01 +2.0000000000000000e+00 +2.6967322389968734e-17 +0.0000000000000000e+00

+5.5550000000000010e-01 +2.0000000000000000e+00 +1.8653614287163033e-17 +0.0000000000000000e+00

+5.5649999999999999e-01 +2.0000000000000000e+00 +1.2889226833069239e-17 +0.0000000000000000e+00

+5.5750000000000011e-01 +2.0000000000000000e+00 +8.8967717092221773e-18 +0.0000000000000000e+00

+5.5850000000000000e-01 +2.0000000000000000e+00 +6.1345498502814804e-18 +0.0000000000000000e+00

+5.5950000000000011e-01 +2.0000000000000000e+00 +4.2255239323263287e-18 +0.0000000000000000e+00

+5.6050000000000000e-01 +2.0000000000000000e+00 +2.9075618081995992e-18 +0.0000000000000000e+00

+5.6150000000000011e-01 +2.0000000000000000e+00 +1.9986224122501313e-18 +0.0000000000000000e+00

+5.6250000000000000e-01 +2.0000000000000000e+00 +1.3724256146589905e-18 +0.0000000000000000e+00

+5.6350000000000011e-01 +2.0000000000000000e+00 +9.4146888323695078e-19 +0.0000000000000000e+00

+5.6450000000000000e-01 +2.0000000000000000e+00 +6.4518613038429863e-19 +0.0000000000000000e+00

+5.6550000000000011e-01 +2.0000000000000000e+00 +4.4170137182134539e-19 +0.0000000000000000e+00

+5.6650000000000000e-01 +2.0000000000000000e+00 +3.0209246792007108e-19 +0.0000000000000000e+00

+5.6750000000000012e-01 +2.0000000000000000e+00 +2.0640546636975957e-19 +0.0000000000000000e+00

+5.6850000000000001e-01 +2.0000000000000000e+00 +1.4088843359184110e-19 +0.0000000000000000e+00

+5.6950000000000012e-01 +2.0000000000000000e+00 +9.6073808940774238e-20 +0.0000000000000000e+00

+5.7050000000000001e-01 +2.0000000000000000e+00 +6.5450482095878564e-20 +0.0000000000000000e+00

+5.7150000000000012e-01 +2.0000000000000000e+00 +4.4545258972979310e-20 +0.0000000000000000e+00

+5.7250000000000001e-01 +2.0000000000000000e+00 +3.0288204232913836e-20 +0.0000000000000000e+00

+5.7350000000000012e-01 +2.0000000000000000e+00 +2.0574606497924186e-20 +0.0000000000000000e+00

+5.7450000000000001e-01 +2.0000000000000000e+00 +1.3962978842538898e-20 +0.0000000000000000e+00

+5.7550000000000012e-01 +2.0000000000000000e+00 +9.4670720368769053e-21 +0.0000000000000000e+00

+5.7650000000000001e-01 +2.0000000000000000e+00 +6.4127875221611085e-21 +0.0000000000000000e+00

+5.7749999999999990e-01 +2.0000000000000000e+00 +4.3398435193934799e-21 +0.0000000000000000e+00

+5.7850000000000001e-01 +2.0000000000000000e+00 +2.9342681793873731e-21 +0.0000000000000000e+00

+5.7949999999999990e-01 +2.0000000000000000e+00 +1.9821042393832368e-21 +0.0000000000000000e+00

+5.8050000000000002e-01 +2.0000000000000000e+00 +1.3376932871304377e-21 +0.0000000000000000e+00

+5.8149999999999991e-01 +2.0000000000000000e+00 +9.0197057920149919e-22 +0.0000000000000000e+00

+5.8250000000000002e-01 +2.0000000000000000e+00 +6.0762598395163133e-22 +0.0000000000000000e+00

+5.8349999999999991e-01 +2.0000000000000000e+00 +4.0896938433069584e-22 +0.0000000000000000e+00

+5.8450000000000002e-01 +2.0000000000000000e+00 +2.7501607860038202e-22 +0.0000000000000000e+00

+5.8549999999999991e-01 +2.0000000000000000e+00 +1.8477385158206539e-22 +0.0000000000000000e+00

+5.8650000000000002e-01 +2.0000000000000000e+00 +1.2403389108896767e-22 +0.0000000000000000e+00

+5.8749999999999991e-01 +2.0000000000000000e+00 +8.3187854938557047e-23 +0.0000000000000000e+00

+5.8850000000000002e-01 +2.0000000000000000e+00 +5.5744424399999921e-23 +0.0000000000000000e+00

+5.8949999999999991e-01 +2.0000000000000000e+00 +3.7322190751279927e-23 +0.0000000000000000e+00

+5.9050000000000002e-01 +2.0000000000000000e+00 +2.4966589217914289e-23 +0.0000000000000000e+00

+5.9149999999999991e-01 +2.0000000000000000e+00 +1.6687062417205364e-23 +0.0000000000000000e+00

+5.9250000000000003e-01 +2.0000000000000000e+00 +1.1143749096867711e-23 +0.0000000000000000e+00

+5.9349999999999992e-01 +2.0000000000000000e+00 +7.4355941112493510e-24 +0.0000000000000000e+00

+5.9450000000000003e-01 +2.0000000000000000e+00 +4.9571844014738159e-24 +0.0000000000000000e+00

+5.9549999999999992e-01 +2.0000000000000000e+00 +3.3021107986745614e-24 +0.0000000000000000e+00

+5.9650000000000003e-01 +2.0000000000000000e+00 +2.1977964859960053e-24 +0.0000000000000000e+00

+5.9749999999999992e-01 +2.0000000000000000e+00 +1.4615869442103018e-24 +0.0000000000000000e+00

+5.9850000000000003e-01 +2.0000000000000000e+00 +9.7119233332284511e-25 +0.0000000000000000e+00

+5.9949999999999992e-01 +2.0000000000000000e+00 +6.4480929798303302e-25 +0.0000000000000000e+00

+6.0050000000000003e-01 +2.0000000000000000e+00 +4.2776457948205815e-25 +0.0000000000000000e+00

+6.0149999999999992e-01 +2.0000000000000000e+00 +2.8354881968074595e-25 +0.0000000000000000e+00

+6.0250000000000004e-01 +2.0000000000000000e+00 +1.8780292617027216e-25 +0.0000000000000000e+00

+6.0349999999999993e-01 +2.0000000000000000e+00 +1.2428832354451238e-25 +0.0000000000000000e+00

+6.0450000000000004e-01 +2.0000000000000000e+00 +8.2189006343556516e-26 +0.0000000000000000e+00

+6.0549999999999993e-01 +2.0000000000000000e+00 +5.4306835607185754e-26 +0.0000000000000000e+00

+6.0650000000000004e-01 +2.0000000000000000e+00 +3.5855399090469829e-26 +0.0000000000000000e+00

+6.0749999999999993e-01 +2.0000000000000000e+00 +2.3654612077787970e-26 +0.0000000000000000e+00

+6.0850000000000004e-01 +2.0000000000000000e+00 +1.5593377801551747e-26 +0.0000000000000000e+00

+6.0949999999999993e-01 +2.0000000000000000e+00 +1.0271397891026866e-26 +0.0000000000000000e+00

+6.1050000000000004e-01 +2.0000000000000000e+00 +6.7606079177935184e-27 +0.0000000000000000e+00

+6.1149999999999993e-01 +2.0000000000000000e+00 +4.4464216010319891e-27 +0.0000000000000000e+00

+6.1250000000000004e-01 +2.0000000000000000e+00 +2.9221738827804057e-27 +0.0000000000000000e+00

+6.1349999999999993e-01 +2.0000000000000000e+00 +1.9189948733240924e-27 +0.0000000000000000e+00

+6.1450000000000005e-01 +2.0000000000000000e+00 +1.2592609069141292e-27 +0.0000000000000000e+00

+6.1549999999999994e-01 +2.0000000000000000e+00 +8.2572144327329618e-28 +0.0000000000000000e+00

+6.1650000000000005e-01 +2.0000000000000000e+00 +5.4103967521800263e-28 +0.0000000000000000e+00

+6.1749999999999994e-01 +2.0000000000000000e+00 +3.5424532898613818e-28 +0.0000000000000000e+00

+6.1850000000000005e-01 +2.0000000000000000e+00 +2.3177167744732144e-28 +0.0000000000000000e+00

+6.1949999999999994e-01 +2.0000000000000000e+00 +1.5153031954257951e-28 +0.0000000000000000e+00

+6.2050000000000005e-01 +2.0000000000000000e+00 +9.8997305539318809e-29 +0.0000000000000000e+00

+6.2149999999999994e-01 +2.0000000000000000e+00 +6.4629913200737074e-29 +0.0000000000000000e+00

+6.2250000000000005e-01 +2.0000000000000000e+00 +4.2163030942130075e-29 +0.0000000000000000e+00

+6.2349999999999994e-01 +2.0000000000000000e+00 +2.7486522717467310e-29 +0.0000000000000000e+00

+6.2450000000000006e-01 +2.0000000000000000e+00 +1.7906024293034682e-29 +0.0000000000000000e+00

+6.2549999999999994e-01 +2.0000000000000000e+00 +1.1656591474635555e-29 +0.0000000000000000e+00

+6.2650000000000006e-01 +2.0000000000000000e+00 +7.5829581190839787e-30 +0.0000000000000000e+00

+6.2749999999999995e-01 +2.0000000000000000e+00 +4.9294905205136877e-30 +0.0000000000000000e+00

+6.2850000000000006e-01 +2.0000000000000000e+00 +3.2023096293711364e-30 +0.0000000000000000e+00

+6.2949999999999995e-01 +2.0000000000000000e+00 +2.0788545816370765e-30 +0.0000000000000000e+00

+6.3050000000000006e-01 +2.0000000000000000e+00 +1.3486088006099384e-30 +0.0000000000000000e+00

+6.3149999999999995e-01 +2.0000000000000000e+00 +8.7427997003339867e-31 +0.0000000000000000e+00

+6.3250000000000006e-01 +2.0000000000000000e+00 +5.6639484054772321e-31 +0.0000000000000000e+00

+6.3349999999999995e-01 +2.0000000000000000e+00 +3.6668556736782580e-31 +0.0000000000000000e+00

+6.3450000000000006e-01 +2.0000000000000000e+00 +2.3723329897426959e-31 +0.0000000000000000e+00

+6.3549999999999995e-01 +2.0000000000000000e+00 +1.5337914302978698e-31 +0.0000000000000000e+00

+6.3650000000000007e-01 +2.0000000000000000e+00 +9.9098551012153186e-32 +0.0000000000000000e+00

+6.3749999999999996e-01 +2.0000000000000000e+00 +6.3985289706977647e-32 +0.0000000000000000e+00

+6.3850000000000007e-01 +2.0000000000000000e+00 +4.1286332324785779e-32 +0.0000000000000000e+00

+6.3949999999999996e-01 +2.0000000000000000e+00 +2.6622404104431749e-32 +0.0000000000000000e+00

+6.4050000000000007e-01 +2.0000000000000000e+00 +1.7155544562173791e-32 +0.0000000000000000e+00

+6.4149999999999996e-01 +2.0000000000000000e+00 +1.1047893244588017e-32 +0.0000000000000000e+00

+6.4250000000000007e-01 +2.0000000000000000e+00 +7.1100654214077166e-33 +0.0000000000000000e+00

+6.4349999999999996e-01 +2.0000000000000000e+00 +4.5728644041399441e-33 +0.0000000000000000e+00

+6.4450000000000007e-01 +2.0000000000000000e+00 +2.9391724700561904e-33 +0.0000000000000000e+00

+6.4549999999999996e-01 +2.0000000000000000e+00 +1.8879272255153409e-33 +0.0000000000000000e+00

+6.4650000000000007e-01 +2.0000000000000000e+00 +1.2119096910923962e-33 +0.0000000000000000e+00

+6.4749999999999996e-01 +2.0000000000000000e+00 +7.7746614591569129e-34 +0.0000000000000000e+00

+6.4850000000000008e-01 +2.0000000000000000e+00 +4.9844852422892851e-34 +0.0000000000000000e+00

+6.4949999999999997e-01 +2.0000000000000000e+00 +3.1936558079673686e-34 +0.0000000000000000e+00

+6.5050000000000008e-01 +2.0000000000000000e+00 +2.0449666422380260e-34 +0.0000000000000000e+00

+6.5149999999999997e-01 +2.0000000000000000e+00 +1.3086274334371662e-34 +0.0000000000000000e+00

+6.5250000000000008e-01 +2.0000000000000000e+00 +8.3691012779911570e-35 +0.0000000000000000e+00

+6.5349999999999997e-01 +2.0000000000000000e+00 +5.3490414741894743e-35 +0.0000000000000000e+00

+6.5450000000000008e-01 +2.0000000000000000e+00 +3.4167150742994171e-35 +0.0000000000000000e+00

+6.5549999999999997e-01 +2.0000000000000000e+00 +2.1811148129612686e-35 +0.0000000000000000e+00

+6.5650000000000008e-01 +2.0000000000000000e+00 +1.3915107133701769e-35 +0.0000000000000000e+00

+6.5749999999999997e-01 +2.0000000000000000e+00 +8.8722574220275737e-36 +0.0000000000000000e+00

+6.5850000000000009e-01 +2.0000000000000000e+00 +5.6535670334310573e-36 +0.0000000000000000e+00

+6.5949999999999998e-01 +2.0000000000000000e+00 +3.6004191253848121e-36 +0.0000000000000000e+00

+6.6050000000000009e-01 +2.0000000000000000e+00 +2.2915373340053321e-36 +0.0000000000000000e+00

+6.6149999999999998e-01 +2.0000000000000000e+00 +1.4576237273092653e-36 +0.0000000000000000e+00

+6.6250000000000009e-01 +2.0000000000000000e+00 +9.2663730094616196e-37 +0.0000000000000000e+00

+6.6349999999999998e-01 +2.0000000000000000e+00 +5.8873684780600581e-37 +0.0000000000000000e+00

+6.6450000000000009e-01 +2.0000000000000000e+00 +3.7383587280065931e-37 +0.0000000000000000e+00

+6.6549999999999998e-01 +2.0000000000000000e+00 +2.3724128046849393e-37 +0.0000000000000000e+00

+6.6650000000000009e-01 +2.0000000000000000e+00 +1.5047012550338896e-37 +0.0000000000000000e+00

+6.6749999999999998e-01 +2.0000000000000000e+00 +9.5381081615461312e-38 +0.0000000000000000e+00

+6.6850000000000009e-01 +2.0000000000000000e+00 +6.0426484474615935e-38 +0.0000000000000000e+00

+6.6949999999999998e-01 +2.0000000000000000e+00 +3.8260154580421332e-38 +0.0000000000000000e+00

+6.7050000000000010e-01 +2.0000000000000000e+00 +2.4211494147479086e-38 +0.0000000000000000e+00

+6.7149999999999999e-01 +2.0000000000000000e+00 +1.5312746972973890e-38 +0.0000000000000000e+00

+6.7250000000000010e-01 +2.0000000000000000e+00 +9.6792658987911714e-39 +0.0000000000000000e+00

+6.7349999999999999e-01 +2.0000000000000000e+00 +6.1149186239731543e-39 +0.0000000000000000e+00

+6.7450000000000010e-01 +2.0000000000000000e+00 +3.8609931413676441e-39 +0.0000000000000000e+00

+6.7549999999999999e-01 +2.0000000000000000e+00 +2.4365122363609627e-39 +0.0000000000000000e+00

+6.7650000000000010e-01 +2.0000000000000000e+00 +1.5367403881187110e-39 +0.0000000000000000e+00

+6.7749999999999999e-01 +2.0000000000000000e+00 +9.6871465898965081e-40 +0.0000000000000000e+00

+6.7850000000000010e-01 +2.0000000000000000e+00 +6.1031747275345808e-40 +0.0000000000000000e+00

+6.7949999999999999e-01 +2.0000000000000000e+00 +3.8430974845147916e-40 +0.0000000000000000e+00

+6.8050000000000010e-01 +2.0000000000000000e+00 +2.4186540642431103e-40 +0.0000000000000000e+00

+6.8149999999999999e-01 +2.0000000000000000e+00 +1.5213668703711852e-40 +0.0000000000000000e+00

+6.8250000000000011e-01 +2.0000000000000000e+00 +9.5645176532878279e-41 +0.0000000000000000e+00

+6.8350000000000000e-01 +2.0000000000000000e+00 +6.0098299165980386e-41 +0.0000000000000000e+00

+6.8450000000000011e-01 +2.0000000000000000e+00 +3.7742645821954777e-41 +0.0000000000000000e+00

+6.8550000000000000e-01 +2.0000000000000000e+00 +2.3690520862852974e-41 +0.0000000000000000e+00

+6.8650000000000011e-01 +2.0000000000000000e+00 +1.4862437177406902e-41 +0.0000000000000000e+00

+6.8750000000000000e-01 +2.0000000000000000e+00 +9.3192218400337888e-42 +0.0000000000000000e+00

+6.8850000000000011e-01 +2.0000000000000000e+00 +5.8404256167081396e-42 +0.0000000000000000e+00

+6.8950000000000000e-01 +2.0000000000000000e+00 +3.6583529213573483e-42 +0.0000000000000000e+00

+6.9050000000000011e-01 +2.0000000000000000e+00 +2.2903611931181991e-42 +0.0000000000000000e+00

+6.9150000000000000e-01 +2.0000000000000000e+00 +1.4331796754235920e-42 +0.0000000000000000e+00

+6.9250000000000012e-01 +2.0000000000000000e+00 +8.9634788309189345e-43 +0.0000000000000000e+00

+6.9350000000000001e-01 +2.0000000000000000e+00 +5.6031576880792974e-43 +0.0000000000000000e+00

+6.9450000000000012e-01 +2.0000000000000000e+00 +3.5008247903382565e-43 +0.0000000000000000e+00

+6.9550000000000001e-01 +2.0000000000000000e+00 +2.1862014340293025e-43 +0.0000000000000000e+00

+6.9650000000000012e-01 +2.0000000000000000e+00 +1.3645618363362071e-43 +0.0000000000000000e+00

+6.9750000000000001e-01 +2.0000000000000000e+00 +8.5129579042213246e-44 +0.0000000000000000e+00

+6.9850000000000012e-01 +2.0000000000000000e+00 +5.3082691502100831e-44 +0.0000000000000000e+00

+6.9950000000000001e-01 +2.0000000000000000e+00 +3.3083506044737455e-44 +0.0000000000000000e+00

+7.0050000000000012e-01 +2.0000000000000000e+00 +2.0609014115707058e-44 +0.0000000000000000e+00

+7.0150000000000001e-01 +2.0000000000000000e+00 +1.2831899446735495e-44 +0.0000000000000000e+00

+7.0250000000000012e-01 +2.0000000000000000e+00 +7.9857123209211270e-45 +0.0000000000000000e+00

+7.0350000000000001e-01 +2.0000000000000000e+00 +4.9673674857367072e-45 +0.0000000000000000e+00

+7.0449999999999990e-01 +2.0000000000000000e+00 +3.0883731143283776e-45 +0.0000000000000000e+00

+7.0550000000000002e-01 +2.0000000000000000e+00 +1.9192210610076395e-45 +0.0000000000000000e+00

+7.0649999999999991e-01 +2.0000000000000000e+00 +1.1921006337576738e-45 +0.0000000000000000e+00

+7.0750000000000002e-01 +2.0000000000000000e+00 +7.4010685465634403e-46 +0.0000000000000000e+00

+7.0849999999999991e-01 +2.0000000000000000e+00 +4.5927248455294453e-46 +0.0000000000000000e+00

+7.0950000000000002e-01 +2.0000000000000000e+00 +2.8486678771611458e-46 +0.0000000000000000e+00

+7.1049999999999991e-01 +2.0000000000000000e+00 +1.7660764175276538e-46 +0.0000000000000000e+00

+7.1150000000000002e-01 +2.0000000000000000e+00 +1.0943955849083341e-46 +0.0000000000000000e+00

+7.1249999999999991e-01 +2.0000000000000000e+00 +6.7785565108737300e-47 +0.0000000000000000e+00

+7.1350000000000002e-01 +2.0000000000000000e+00 +4.1966140639447716e-47 +0.0000000000000000e+00

+7.1449999999999991e-01 +2.0000000000000000e+00 +2.5969323305213960e-47 +0.0000000000000000e+00

+7.1550000000000002e-01 +2.0000000000000000e+00 +1.6062860522327037e-47 +0.0000000000000000e+00

+7.1649999999999991e-01 +2.0000000000000000e+00 +9.9308553141698721e-48 +0.0000000000000000e+00

+7.1750000000000003e-01 +2.0000000000000000e+00 +6.1369528112812681e-48 +0.0000000000000000e+00

+7.1849999999999992e-01 +2.0000000000000000e+00 +3.7907236318633171e-48 +0.0000000000000000e+00

+7.1950000000000003e-01 +2.0000000000000000e+00 +2.3404292226288329e-48 +0.0000000000000000e+00

+7.2049999999999992e-01 +2.0000000000000000e+00 +1.4443544626375268e-48 +0.0000000000000000e+00

+7.2150000000000003e-01 +2.0000000000000000e+00 +8.9095912392555701e-49 +0.0000000000000000e+00

+7.2249999999999992e-01 +2.0000000000000000e+00 +5.4934896815667534e-49 +0.0000000000000000e+00

+7.2350000000000003e-01 +2.0000000000000000e+00 +3.3856823374608897e-49 +0.0000000000000000e+00

+7.2449999999999992e-01 +2.0000000000000000e+00 +2.0857021004710710e-49 +0.0000000000000000e+00

+7.2550000000000003e-01 +2.0000000000000000e+00 +1.2843025190797012e-49 +0.0000000000000000e+00

+7.2649999999999992e-01 +2.0000000000000000e+00 +7.9048235448994877e-50 +0.0000000000000000e+00

+7.2750000000000004e-01 +2.0000000000000000e+00 +4.8632614070281809e-50 +0.0000000000000000e+00

+7.2849999999999993e-01 +2.0000000000000000e+00 +2.9907108852312442e-50 +0.0000000000000000e+00

+7.2950000000000004e-01 +2.0000000000000000e+00 +1.8383721025869762e-50 +0.0000000000000000e+00

+7.3049999999999993e-01 +2.0000000000000000e+00 +1.1295497583790492e-50 +0.0000000000000000e+00

+7.3150000000000004e-01 +2.0000000000000000e+00 +6.9373091565259757e-51 +0.0000000000000000e+00

+7.3249999999999993e-01 +2.0000000000000000e+00 +4.2588391856029946e-51 +0.0000000000000000e+00

+7.3350000000000004e-01 +2.0000000000000000e+00 +2.6134049771376084e-51 +0.0000000000000000e+00

+7.3449999999999993e-01 +2.0000000000000000e+00 +1.6030173813863983e-51 +0.0000000000000000e+00

+7.3550000000000004e-01 +2.0000000000000000e+00 +9.8284844330462117e-52 +0.0000000000000000e+00

+7.3649999999999993e-01 +2.0000000000000000e+00 +6.0235488610995320e-52 +0.0000000000000000e+00

+7.3750000000000004e-01 +2.0000000000000000e+00 +3.6900872288759408e-52 +0.0000000000000000e+00

+7.3849999999999993e-01 +2.0000000000000000e+00 +2.2596432830950414e-52 +0.0000000000000000e+00

+7.3950000000000005e-01 +2.0000000000000000e+00 +1.3831297946780445e-52 +0.0000000000000000e+00

+7.4049999999999994e-01 +2.0000000000000000e+00 +8.4626528302263421e-53 +0.0000000000000000e+00

+7.4150000000000005e-01 +2.0000000000000000e+00 +5.1757272486626088e-53 +0.0000000000000000e+00

+7.4249999999999994e-01 +2.0000000000000000e+00 +3.1641585386784707e-53 +0.0000000000000000e+00

+7.4350000000000005e-01 +2.0000000000000000e+00 +1.9336052194782430e-53 +0.0000000000000000e+00

+7.4449999999999994e-01 +2.0000000000000000e+00 +1.1811384938862120e-53 +0.0000000000000000e+00

+7.4550000000000005e-01 +2.0000000000000000e+00 +7.2120377622097084e-54 +0.0000000000000000e+00

+7.4649999999999994e-01 +2.0000000000000000e+00 +4.4018985119007824e-54 +0.0000000000000000e+00

+7.4750000000000005e-01 +2.0000000000000000e+00 +2.6856389697658012e-54 +0.0000000000000000e+00

+7.4849999999999994e-01 +2.0000000000000000e+00 +1.6378778430383082e-54 +0.0000000000000000e+00

+7.4950000000000006e-01 +2.0000000000000000e+00 +9.9848686592620850e-55 +0.0000000000000000e+00

+7.5049999999999994e-01 +2.0000000000000000e+00 +6.0845836988782779e-55 +0.0000000000000000e+00

+7.5150000000000006e-01 +2.0000000000000000e+00 +3.7063611620588852e-55 +0.0000000000000000e+00

+7.5249999999999995e-01 +2.0000000000000000e+00 +2.2568029565417567e-55 +0.0000000000000000e+00

+7.5350000000000006e-01 +2.0000000000000000e+00 +1.3736284207299963e-55 +0.0000000000000000e+00

+7.5449999999999995e-01 +2.0000000000000000e+00 +8.3574789396358333e-56 +0.0000000000000000e+00

+7.5550000000000006e-01 +2.0000000000000000e+00 +5.0829095788820688e-56 +0.0000000000000000e+00

+7.5649999999999995e-01 +2.0000000000000000e+00 +3.0901617771075748e-56 +0.0000000000000000e+00

+7.5750000000000006e-01 +2.0000000000000000e+00 +1.8779432018486934e-56 +0.0000000000000000e+00

+7.5849999999999995e-01 +2.0000000000000000e+00 +1.1408190245351599e-56 +0.0000000000000000e+00

+7.5950000000000006e-01 +2.0000000000000000e+00 +6.9276315205046362e-57 +0.0000000000000000e+00

+7.6049999999999995e-01 +2.0000000000000000e+00 +4.2052050779074070e-57 +0.0000000000000000e+00

+7.6150000000000007e-01 +2.0000000000000000e+00 +2.5516705791498718e-57 +0.0000000000000000e+00

+7.6249999999999996e-01 +2.0000000000000000e+00 +1.5477389191899406e-57 +0.0000000000000000e+00

+7.6350000000000007e-01 +2.0000000000000000e+00 +9.3844130266998253e-58 +0.0000000000000000e+00

+7.6449999999999996e-01 +2.0000000000000000e+00 +5.6879199437177552e-58 +0.0000000000000000e+00

+7.6550000000000007e-01 +2.0000000000000000e+00 +3.4461757514576624e-58 +0.0000000000000000e+00

+7.6649999999999996e-01 +2.0000000000000000e+00 +2.0871784675231647e-58 +0.0000000000000000e+00

+7.6750000000000007e-01 +2.0000000000000000e+00 +1.2636319335757077e-58 +0.0000000000000000e+00

+7.6849999999999996e-01 +2.0000000000000000e+00 +7.6475278320369075e-59 +0.0000000000000000e+00

+7.6950000000000007e-01 +2.0000000000000000e+00 +4.6265965163513484e-59 +0.0000000000000000e+00

+7.7049999999999996e-01 +2.0000000000000000e+00 +2.7979689433459422e-59 +0.0000000000000000e+00

+7.7150000000000007e-01 +2.0000000000000000e+00 +1.6914745520369391e-59 +0.0000000000000000e+00

+7.7249999999999996e-01 +2.0000000000000000e+00 +1.0221861013616847e-59 +0.0000000000000000e+00

+7.7350000000000008e-01 +2.0000000000000000e+00 +6.1750006141850777e-60 +0.0000000000000000e+00

+7.7449999999999997e-01 +2.0000000000000000e+00 +3.7289552461741049e-60 +0.0000000000000000e+00

+7.7550000000000008e-01 +2.0000000000000000e+00 +2.2510288869758968e-60 +0.0000000000000000e+00

+7.7649999999999997e-01 +2.0000000000000000e+00 +1.3583737855694166e-60 +0.0000000000000000e+00

+7.7750000000000008e-01 +2.0000000000000000e+00 +8.1941221490890075e-61 +0.0000000000000000e+00

+7.7849999999999997e-01 +2.0000000000000000e+00 +4.9411846357928012e-61 +0.0000000000000000e+00

+7.7950000000000008e-01 +2.0000000000000000e+00 +2.9785563657664894e-61 +0.0000000000000000e+00

+7.8049999999999997e-01 +2.0000000000000000e+00 +1.7948461904068708e-61 +0.0000000000000000e+00

+7.8150000000000008e-01 +2.0000000000000000e+00 +1.0811747749093883e-61 +0.0000000000000000e+00

+7.8249999999999997e-01 +2.0000000000000000e+00 +6.5104708569358234e-62 +0.0000000000000000e+00

+7.8350000000000009e-01 +2.0000000000000000e+00 +3.9190183194244469e-62 +0.0000000000000000e+00

+7.8449999999999998e-01 +2.0000000000000000e+00 +2.3582571320596417e-62 +0.0000000000000000e+00

+7.8550000000000009e-01 +2.0000000000000000e+00 +1.4185823553369143e-62 +0.0000000000000000e+00

+7.8649999999999998e-01 +2.0000000000000000e+00 +8.5303735082786579e-63 +0.0000000000000000e+00

+7.8750000000000009e-01 +2.0000000000000000e+00 +5.1278132142098477e-63 +0.0000000000000000e+00

+7.8849999999999998e-01 +2.0000000000000000e+00 +3.0813963160352674e-63 +0.0000000000000000e+00

+7.8950000000000009e-01 +2.0000000000000000e+00 +1.8510352361511652e-63 +0.0000000000000000e+00

+7.9049999999999998e-01 +2.0000000000000000e+00 +1.1115631177310268e-63 +0.0000000000000000e+00

+7.9150000000000009e-01 +2.0000000000000000e+00 +6.6727742540120871e-64 +0.0000000000000000e+00

+7.9249999999999998e-01 +2.0000000000000000e+00 +4.0043510409336083e-64 +0.0000000000000000e+00

+7.9350000000000009e-01 +2.0000000000000000e+00 +2.4022145884564700e-64 +0.0000000000000000e+00

+7.9449999999999998e-01 +2.0000000000000000e+00 +1.4406083978502530e-64 +0.0000000000000000e+00

+7.9550000000000010e-01 +2.0000000000000000e+00 +8.6364468348652320e-65 +0.0000000000000000e+00

+7.9649999999999999e-01 +2.0000000000000000e+00 +5.1758277819779454e-65 +0.0000000000000000e+00

+7.9750000000000010e-01 +2.0000000000000000e+00 +3.1008489534861725e-65 +0.0000000000000000e+00

+7.9849999999999999e-01 +2.0000000000000000e+00 +1.8571116436371896e-65 +0.0000000000000000e+00

+7.9950000000000010e-01 +2.0000000000000000e+00 +1.1118662415433102e-65 +0.0000000000000000e+00

+8.0049999999999999e-01 +2.0000000000000000e+00 +6.6546424568907678e-66 +0.0000000000000000e+00

+8.0150000000000010e-01 +2.0000000000000000e+00 +3.9815766134522459e-66 +0.0000000000000000e+00

+8.0249999999999999e-01 +2.0000000000000000e+00 +2.3814644900393473e-66 +0.0000000000000000e+00

+8.0350000000000010e-01 +2.0000000000000000e+00 +1.4239421259294423e-66 +0.0000000000000000e+00

+8.0449999999999999e-01 +2.0000000000000000e+00 +8.5113856882798187e-67 +0.0000000000000000e+00

+8.0550000000000010e-01 +2.0000000000000000e+00 +5.0859069903661352e-67 +0.0000000000000000e+00

+8.0649999999999999e-01 +2.0000000000000000e+00 +3.0380664644394781e-67 +0.0000000000000000e+00

+8.0750000000000011e-01 +2.0000000000000000e+00 +1.8142091087081633e-67 +0.0000000000000000e+00

+8.0850000000000000e-01 +2.0000000000000000e+00 +1.0830266136993960e-67 +0.0000000000000000e+00

+8.0950000000000011e-01 +2.0000000000000000e+00 +6.4632822768237220e-68 +0.0000000000000000e+00

+8.1050000000000000e-01 +2.0000000000000000e+00 +3.8559360308985521e-68 +0.0000000000000000e+00

+8.1150000000000011e-01 +2.0000000000000000e+00 +2.2996921854833344e-68 +0.0000000000000000e+00

+8.1250000000000000e-01 +2.0000000000000000e+00 +1.3711130941271849e-68 +0.0000000000000000e+00

+8.1350000000000011e-01 +2.0000000000000000e+00 +8.1722381156386779e-69 +0.0000000000000000e+00

+8.1450000000000000e-01 +2.0000000000000000e+00 +4.8693769268126748e-69 +0.0000000000000000e+00

+8.1550000000000011e-01 +2.0000000000000000e+00 +2.9004868589105738e-69 +0.0000000000000000e+00

+8.1650000000000000e-01 +2.0000000000000000e+00 +1.7271657428642644e-69 +0.0000000000000000e+00

+8.1750000000000012e-01 +2.0000000000000000e+00 +1.0281659290494421e-69 +0.0000000000000000e+00

+8.1850000000000001e-01 +2.0000000000000000e+00 +6.1186970788752609e-70 +0.0000000000000000e+00

+8.1950000000000012e-01 +2.0000000000000000e+00 +3.6401704442118315e-70 +0.0000000000000000e+00

+8.2050000000000001e-01 +2.0000000000000000e+00 +2.1649704568496570e-70 +0.0000000000000000e+00

+8.2150000000000012e-01 +2.0000000000000000e+00 +1.2872123069796502e-70 +0.0000000000000000e+00

+8.2250000000000001e-01 +2.0000000000000000e+00 +7.6509754541904293e-71 +0.0000000000000000e+00

+8.2350000000000012e-01 +2.0000000000000000e+00 +4.5462394915642586e-71 +0.0000000000000000e+00

+8.2450000000000001e-01 +2.0000000000000000e+00 +2.7005806130183588e-71 +0.0000000000000000e+00

+8.2550000000000012e-01 +2.0000000000000000e+00 +1.6037319080539392e-71 +0.0000000000000000e+00

+8.2650000000000001e-01 +2.0000000000000000e+00 +9.5208700253800581e-72 +0.0000000000000000e+00

+8.2750000000000012e-01 +2.0000000000000000e+00 +5.6505691633973819e-72 +0.0000000000000000e+00

+8.2850000000000001e-01 +2.0000000000000000e+00 +3.3525780265951711e-72 +0.0000000000000000e+00

+8.2950000000000013e-01 +2.0000000000000000e+00 +1.9885530418014211e-72 +0.0000000000000000e+00

+8.3050000000000002e-01 +2.0000000000000000e+00 +1.1791457630889039e-72 +0.0000000000000000e+00

+8.3150000000000013e-01 +2.0000000000000000e+00 +6.9898890283571603e-73 +0.0000000000000000e+00

+8.3250000000000002e-01 +2.0000000000000000e+00 +4.1423422349385380e-73 +0.0000000000000000e+00

+8.3349999999999991e-01 +2.0000000000000000e+00 +2.4541156182023585e-73 +0.0000000000000000e+00

+8.3450000000000002e-01 +2.0000000000000000e+00 +1.4535093931143425e-73 +0.0000000000000000e+00

+8.3549999999999991e-01 +2.0000000000000000e+00 +8.6062682609957486e-74 +0.0000000000000000e+00

+8.3650000000000002e-01 +2.0000000000000000e+00 +5.0943239507870066e-74 +0.0000000000000000e+00

+8.3749999999999991e-01 +2.0000000000000000e+00 +3.0146250855237303e-74 +0.0000000000000000e+00

+8.3850000000000002e-01 +2.0000000000000000e+00 +1.7834278948427767e-74 +0.0000000000000000e+00

+8.3949999999999991e-01 +2.0000000000000000e+00 +1.0547601697458862e-74 +0.0000000000000000e+00

+8.4050000000000002e-01 +2.0000000000000000e+00 +6.2363176573022619e-75 +0.0000000000000000e+00

+8.4149999999999991e-01 +2.0000000000000000e+00 +3.6862051012022414e-75 +0.0000000000000000e+00

+8.4250000000000003e-01 +2.0000000000000000e+00 +2.1782510897076728e-75 +0.0000000000000000e+00

+8.4349999999999992e-01 +2.0000000000000000e+00 +1.2868086630230395e-75 +0.0000000000000000e+00

+8.4450000000000003e-01 +2.0000000000000000e+00 +7.5997274357614718e-76 +0.0000000000000000e+00

+8.4549999999999992e-01 +2.0000000000000000e+00 +4.4870454896715780e-76 +0.0000000000000000e+00

+8.4650000000000003e-01 +2.0000000000000000e+00 +2.6485108237118891e-76 +0.0000000000000000e+00

+8.4749999999999992e-01 +2.0000000000000000e+00 +1.5628678673956566e-76 +0.0000000000000000e+00

+8.4850000000000003e-01 +2.0000000000000000e+00 +9.2198192511773532e-77 +0.0000000000000000e+00

+8.4949999999999992e-01 +2.0000000000000000e+00 +5.4375415590453604e-77 +0.0000000000000000e+00

+8.5050000000000003e-01 +2.0000000000000000e+00 +3.2059977206874865e-77 +0.0000000000000000e+00

+8.5149999999999992e-01 +2.0000000000000000e+00 +1.8897513550499028e-77 +0.0000000000000000e+00

+8.5250000000000004e-01 +2.0000000000000000e+00 +1.1135952100951327e-77 +0.0000000000000000e+00

+8.5349999999999993e-01 +2.0000000000000000e+00 +6.5604203965163366e-78 +0.0000000000000000e+00

+8.5450000000000004e-01 +2.0000000000000000e+00 +3.8638299605993283e-78 +0.0000000000000000e+00

+8.5549999999999993e-01 +2.0000000000000000e+00 +2.2750280280860646e-78 +0.0000000000000000e+00

+8.5650000000000004e-01 +2.0000000000000000e+00 +1.3391779689168317e-78 +0.0000000000000000e+00

+8.5749999999999993e-01 +2.0000000000000000e+00 +7.8808493586924086e-79 +0.0000000000000000e+00

+8.5850000000000004e-01 +2.0000000000000000e+00 +4.6365113415574002e-79 +0.0000000000000000e+00

+8.5949999999999993e-01 +2.0000000000000000e+00 +2.7270530094689974e-79 +0.0000000000000000e+00

+8.6050000000000004e-01 +2.0000000000000000e+00 +1.6035413658562686e-79 +0.0000000000000000e+00

+8.6149999999999993e-01 +2.0000000000000000e+00 +9.4265216373113428e-80 +0.0000000000000000e+00

+8.6250000000000004e-01 +2.0000000000000000e+00 +5.5399757066644269e-80 +0.0000000000000000e+00

+8.6349999999999993e-01 +2.0000000000000000e+00 +3.2549904437086035e-80 +0.0000000000000000e+00

+8.6450000000000005e-01 +2.0000000000000000e+00 +1.9119538928755271e-80 +0.0000000000000000e+00

+8.6549999999999994e-01 +2.0000000000000000e+00 +1.1227713532709592e-80 +0.0000000000000000e+00

+8.6650000000000005e-01 +2.0000000000000000e+00 +6.5916146913930082e-81 +0.0000000000000000e+00

+8.6749999999999994e-01 +2.0000000000000000e+00 +3.8688264830007312e-81 +0.0000000000000000e+00

+8.6850000000000005e-01 +2.0000000000000000e+00 +2.2701471388126607e-81 +0.0000000000000000e+00

+8.6949999999999994e-01 +2.0000000000000000e+00 +1.3317307926636007e-81 +0.0000000000000000e+00

+8.7050000000000005e-01 +2.0000000000000000e+00 +7.8102856847612615e-82 +0.0000000000000000e+00

+8.7149999999999994e-01 +2.0000000000000000e+00 +4.5793707092305467e-82 +0.0000000000000000e+00

+8.7250000000000005e-01 +2.0000000000000000e+00 +2.6843148101211859e-82 +0.0000000000000000e+00

+8.7349999999999994e-01 +2.0000000000000000e+00 +1.5730778431041796e-82 +0.0000000000000000e+00

+8.7450000000000006e-01 +2.0000000000000000e+00 +9.2162969083724143e-83 +0.0000000000000000e+00

+8.7549999999999994e-01 +2.0000000000000000e+00 +5.3982442594340148e-83 +0.0000000000000000e+00

+8.7650000000000006e-01 +2.0000000000000000e+00 +3.1611040354466726e-83 +0.0000000000000000e+00

+8.7749999999999995e-01 +2.0000000000000000e+00 +1.8506128817071212e-83 +0.0000000000000000e+00

+8.7850000000000006e-01 +2.0000000000000000e+00 +1.0831366610482323e-83 +0.0000000000000000e+00

+8.7949999999999995e-01 +2.0000000000000000e+00 +6.3378529869354637e-84 +0.0000000000000000e+00

+8.8050000000000006e-01 +2.0000000000000000e+00 +3.7075980297041577e-84 +0.0000000000000000e+00

+8.8149999999999995e-01 +2.0000000000000000e+00 +2.1683782612727584e-84 +0.0000000000000000e+00

+8.8250000000000006e-01 +2.0000000000000000e+00 +1.2678553555152131e-84 +0.0000000000000000e+00

+8.8349999999999995e-01 +2.0000000000000000e+00 +7.4113441063815859e-85 +0.0000000000000000e+00

+8.8450000000000006e-01 +2.0000000000000000e+00 +4.3312892660474427e-85 +0.0000000000000000e+00

+8.8549999999999995e-01 +2.0000000000000000e+00 +2.5306418209290223e-85 +0.0000000000000000e+00

+8.8650000000000007e-01 +2.0000000000000000e+00 +1.4782156264698773e-85 +0.0000000000000000e+00

+8.8749999999999996e-01 +2.0000000000000000e+00 +8.6325449410277970e-86 +0.0000000000000000e+00

+8.8850000000000007e-01 +2.0000000000000000e+00 +5.0400424075567447e-86 +0.0000000000000000e+00

+8.8949999999999996e-01 +2.0000000000000000e+00 +2.9418745442052314e-86 +0.0000000000000000e+00

+8.9050000000000007e-01 +2.0000000000000000e+00 +1.7167578850110010e-86 +0.0000000000000000e+00

+8.9149999999999996e-01 +2.0000000000000000e+00 +1.0015882616235068e-86 +0.0000000000000000e+00

+8.9250000000000007e-01 +2.0000000000000000e+00 +5.8420463851475837e-87 +0.0000000000000000e+00

+8.9349999999999996e-01 +2.0000000000000000e+00 +3.4067220412078389e-87 +0.0000000000000000e+00

+8.9450000000000007e-01 +2.0000000000000000e+00 +1.9861161739096554e-87 +0.0000000000000000e+00

+8.9549999999999996e-01 +2.0000000000000000e+00 +1.1576283823929003e-87 +0.0000000000000000e+00

+8.9650000000000007e-01 +2.0000000000000000e+00 +6.7457551737264504e-88 +0.0000000000000000e+00

+8.9749999999999996e-01 +2.0000000000000000e+00 +3.9299696288847633e-88 +0.0000000000000000e+00

+8.9850000000000008e-01 +2.0000000000000000e+00 +2.2889976182203368e-88 +0.0000000000000000e+00

+8.9949999999999997e-01 +2.0000000000000000e+00 +1.3329054116729502e-88 +0.0000000000000000e+00

+9.0050000000000008e-01 +2.0000000000000000e+00 +7.7598170135909789e-89 +0.0000000000000000e+00

+9.0149999999999997e-01 +2.0000000000000000e+00 +4.5165008969545705e-89 +0.0000000000000000e+00

+9.0250000000000008e-01 +2.0000000000000000e+00 +2.6281582077833737e-89 +0.0000000000000000e+00

+9.0349999999999997e-01 +2.0000000000000000e+00 +1.5289736573702902e-89 +0.0000000000000000e+00

+9.0450000000000008e-01 +2.0000000000000000e+00 +8.8929920460506081e-90 +0.0000000000000000e+00

+9.0549999999999997e-01 +2.0000000000000000e+00 +5.1712497754165476e-90 +0.0000000000000000e+00

+9.0650000000000008e-01 +2.0000000000000000e+00 +3.0063749397754495e-90 +0.0000000000000000e+00

+9.0749999999999997e-01 +2.0000000000000000e+00 +1.7473950106464429e-90 +0.0000000000000000e+00

+9.0850000000000009e-01 +2.0000000000000000e+00 +1.0154058577729172e-90 +0.0000000000000000e+00

+9.0949999999999998e-01 +2.0000000000000000e+00 +5.8991462605333123e-91 +0.0000000000000000e+00

+9.1050000000000009e-01 +2.0000000000000000e+00 +3.4264144302940808e-91 +0.0000000000000000e+00

+9.1149999999999998e-01 +2.0000000000000000e+00 +1.9897208137066402e-91 +0.0000000000000000e+00

+9.1250000000000009e-01 +2.0000000000000000e+00 +1.1551708452477596e-91 +0.0000000000000000e+00

+9.1349999999999998e-01 +2.0000000000000000e+00 +6.7050561071046564e-92 +0.0000000000000000e+00

+9.1450000000000009e-01 +2.0000000000000000e+00 +3.8909981899622262e-92 +0.0000000000000000e+00

+9.1549999999999998e-01 +2.0000000000000000e+00 +2.2574718868405238e-92 +0.0000000000000000e+00

+9.1650000000000009e-01 +2.0000000000000000e+00 +1.3094432287788220e-92 +0.0000000000000000e+00

+9.1749999999999998e-01 +2.0000000000000000e+00 +7.5937149525193557e-93 +0.0000000000000000e+00

+9.1850000000000009e-01 +2.0000000000000000e+00 +4.4027648478366914e-93 +0.0000000000000000e+00

+9.1949999999999998e-01 +2.0000000000000000e+00 +2.5521168872856801e-93 +0.0000000000000000e+00

+9.2050000000000010e-01 +2.0000000000000000e+00 +1.4790395617726351e-93 +0.0000000000000000e+00

+9.2149999999999999e-01 +2.0000000000000000e+00 +8.5696574988101511e-94 +0.0000000000000000e+00

+9.2250000000000010e-01 +2.0000000000000000e+00 +4.9642296983772111e-94 +0.0000000000000000e+00

+9.2349999999999999e-01 +2.0000000000000000e+00 +2.8750492233269863e-94 +0.0000000000000000e+00

+9.2450000000000010e-01 +2.0000000000000000e+00 +1.6647307269637561e-94 +0.0000000000000000e+00

+9.2549999999999999e-01 +2.0000000000000000e+00 +9.6371425387017355e-95 +0.0000000000000000e+00

+9.2650000000000010e-01 +2.0000000000000000e+00 +5.5777420355639788e-95 +0.0000000000000000e+00

+9.2749999999999999e-01 +2.0000000000000000e+00 +3.2275627969052797e-95 +0.0000000000000000e+00

+9.2850000000000010e-01 +2.0000000000000000e+00 +1.8672281579682787e-95 +0.0000000000000000e+00

+9.2949999999999999e-01 +2.0000000000000000e+00 +1.0800074766120498e-95 +0.0000000000000000e+00

+9.3050000000000010e-01 +2.0000000000000000e+00 +6.2454408239880330e-96 +0.0000000000000000e+00

+9.3149999999999999e-01 +2.0000000000000000e+00 +3.6108268954961974e-96 +0.0000000000000000e+00

+9.3250000000000011e-01 +2.0000000000000000e+00 +2.0871696314712523e-96 +0.0000000000000000e+00

+9.3350000000000000e-01 +2.0000000000000000e+00 +1.2061924456369245e-96 +0.0000000000000000e+00

+9.3450000000000011e-01 +2.0000000000000000e+00 +6.9692093363648148e-97 +0.0000000000000000e+00

+9.3550000000000000e-01 +2.0000000000000000e+00 +4.0258605977165863e-97 +0.0000000000000000e+00

+9.3650000000000011e-01 +2.0000000000000000e+00 +2.3251048407146633e-97 +0.0000000000000000e+00

+9.3750000000000000e-01 +2.0000000000000000e+00 +1.3425646231688120e-97 +0.0000000000000000e+00

+9.3850000000000011e-01 +2.0000000000000000e+00 +7.7506294579319157e-98 +0.0000000000000000e+00

+9.3950000000000000e-01 +2.0000000000000000e+00 +4.4735070956219975e-98 +0.0000000000000000e+00

+9.4050000000000011e-01 +2.0000000000000000e+00 +2.5814809817571316e-98 +0.0000000000000000e+00

+9.4150000000000000e-01 +2.0000000000000000e+00 +1.4893598239880209e-98 +0.0000000000000000e+00

+9.4250000000000012e-01 +2.0000000000000000e+00 +8.5909364181752995e-99 +0.0000000000000000e+00

+9.4350000000000001e-01 +2.0000000000000000e+00 +4.9544083686379431e-99 +0.0000000000000000e+00

+9.4450000000000012e-01 +2.0000000000000000e+00 +2.8566286009312243e-99 +0.0000000000000000e+00

+9.4550000000000001e-01 +2.0000000000000000e+00 +1.6467463163003732e-99 +0.0000000000000000e+00

+9.4650000000000012e-01 +2.0000000000000000e+00 +9.4909747570441098e-100 +0.0000000000000000e+00

+9.4750000000000001e-01 +2.0000000000000000e+00 +5.4689806682915014e-100 +0.0000000000000000e+00

+9.4850000000000012e-01 +2.0000000000000000e+00 +3.1507479643577079e-100 +0.0000000000000000e+00

+9.4950000000000001e-01 +2.0000000000000000e+00 +1.8148172536162009e-100 +0.0000000000000000e+00

+9.5050000000000012e-01 +2.0000000000000000e+00 +1.0451156364274409e-100 +0.0000000000000000e+00

+9.5150000000000001e-01 +2.0000000000000000e+00 +6.0173912883022928e-101 +0.0000000000000000e+00

+9.5250000000000012e-01 +2.0000000000000000e+00 +3.4638962177079235e-101 +0.0000000000000000e+00

+9.5350000000000001e-01 +2.0000000000000000e+00 +1.9935835890042750e-101 +0.0000000000000000e+00

+9.5450000000000013e-01 +2.0000000000000000e+00 +1.1471421444982764e-101 +0.0000000000000000e+00

+9.5550000000000002e-01 +2.0000000000000000e+00 +6.5995371002688497e-102 +0.0000000000000000e+00

+9.5650000000000013e-01 +2.0000000000000000e+00 +3.7959756061690006e-102 +0.0000000000000000e+00

+9.5750000000000002e-01 +2.0000000000000000e+00 +2.1829676232622401e-102 +0.0000000000000000e+00

+9.5850000000000013e-01 +2.0000000000000000e+00 +1.2551203261038684e-102 +0.0000000000000000e+00

+9.5950000000000002e-01 +2.0000000000000000e+00 +7.2150253304923975e-103 +0.0000000000000000e+00

+9.6049999999999991e-01 +2.0000000000000000e+00 +4.1467230204279454e-103 +0.0000000000000000e+00

+9.6150000000000002e-01 +2.0000000000000000e+00 +2.3827973353682012e-103 +0.0000000000000000e+00

+9.6249999999999991e-01 +2.0000000000000000e+00 +1.3689397475053123e-103 +0.0000000000000000e+00

+9.6350000000000002e-01 +2.0000000000000000e+00 +7.8631570380129975e-104 +0.0000000000000000e+00

+9.6449999999999991e-01 +2.0000000000000000e+00 +4.5157011242617844e-104 +0.0000000000000000e+00

+9.6550000000000002e-01 +2.0000000000000000e+00 +2.5928016369640959e-104 +0.0000000000000000e+00

+9.6649999999999991e-01 +2.0000000000000000e+00 +1.4884336881782617e-104 +0.0000000000000000e+00

+9.6750000000000003e-01 +2.0000000000000000e+00 +8.5429137275851053e-105 +0.0000000000000000e+00

+9.6849999999999992e-01 +2.0000000000000000e+00 +4.9022913029821960e-105 +0.0000000000000000e+00

+9.6950000000000003e-01 +2.0000000000000000e+00 +2.8126066825823207e-105 +0.0000000000000000e+00

+9.7049999999999992e-01 +2.0000000000000000e+00 +1.6133772250543333e-105 +0.0000000000000000e+00

+9.7150000000000003e-01 +2.0000000000000000e+00 +9.2529474942352130e-106 +0.0000000000000000e+00

+9.7249999999999992e-01 +2.0000000000000000e+00 +5.3056886496566745e-106 +0.0000000000000000e+00

+9.7350000000000003e-01 +2.0000000000000000e+00 +3.0417333539548708e-106 +0.0000000000000000e+00

+9.7449999999999992e-01 +2.0000000000000000e+00 +1.7434859922504989e-106 +0.0000000000000000e+00

+9.7550000000000003e-01 +2.0000000000000000e+00 +9.9915750487332628e-107 +0.0000000000000000e+00

+9.7649999999999992e-01 +2.0000000000000000e+00 +5.7248991780431106e-107 +0.0000000000000000e+00

+9.7750000000000004e-01 +2.0000000000000000e+00 +3.2795960202472796e-107 +0.0000000000000000e+00

+9.7849999999999993e-01 +2.0000000000000000e+00 +1.8784156709793151e-107 +0.0000000000000000e+00

+9.7950000000000004e-01 +2.0000000000000000e+00 +1.0756775916490680e-107 +0.0000000000000000e+00

+9.8049999999999993e-01 +2.0000000000000000e+00 +6.1587394179740479e-108 +0.0000000000000000e+00

+9.8150000000000004e-01 +2.0000000000000000e+00 +3.5255026567090171e-108 +0.0000000000000000e+00

+9.8249999999999993e-01 +2.0000000000000000e+00 +2.0177622530814603e-108 +0.0000000000000000e+00

+9.8350000000000004e-01 +2.0000000000000000e+00 +1.1546195037134164e-108 +0.0000000000000000e+00

+9.8449999999999993e-01 +2.0000000000000000e+00 +6.6058385111460199e-109 +0.0000000000000000e+00

+9.8550000000000004e-01 +2.0000000000000000e+00 +3.7786563824053618e-109 +0.0000000000000000e+00

+9.8649999999999993e-01 +2.0000000000000000e+00 +2.1610631090369834e-109 +0.0000000000000000e+00

+9.8750000000000004e-01 +2.0000000000000000e+00 +1.2357149919572567e-109 +0.0000000000000000e+00

+9.8849999999999993e-01 +2.0000000000000000e+00 +7.0646428836587273e-110 +0.0000000000000000e+00

+9.8950000000000005e-01 +2.0000000000000000e+00 +4.0381584538328193e-110 +0.0000000000000000e+00

+9.9049999999999994e-01 +2.0000000000000000e+00 +2.3077988776497462e-110 +0.0000000000000000e+00

+9.9150000000000005e-01 +2.0000000000000000e+00 +1.3186642429285982e-110 +0.0000000000000000e+00

+9.9249999999999994e-01 +2.0000000000000000e+00 +7.5334235270863613e-111 +0.0000000000000000e+00

+9.9350000000000005e-01 +2.0000000000000000e+00 +4.3030127258294369e-111 +0.0000000000000000e+00

+9.9449999999999994e-01 +2.0000000000000000e+00 +2.4573961801545532e-111 +0.0000000000000000e+00

+9.9550000000000005e-01 +2.0000000000000000e+00 +1.4031375202510590e-111 +0.0000000000000000e+00

+9.9649999999999994e-01 +2.0000000000000000e+00 +8.0102858733203794e-112 +0.0000000000000000e+00

+9.9750000000000005e-01 +2.0000000000000000e+00 +4.5721315648301338e-112 +0.0000000000000000e+00

+9.9849999999999994e-01 +2.0000000000000000e+00 +2.6092311465874940e-112 +0.0000000000000000e+00

+9.9950000000000006e-01 +2.0000000000000000e+00 +1.4887772597794642e-112 +0.0000000000000000e+00


