+1.0566243270259358e-03 +1.0000000000000000e+00 +3.7310386666041278e-55 +0.0000000000000000e+00
+3.9433756729740643e-03 +1.0000000000000000e+00 -3.7310386666041278e-55 +0.0000000000000000e+00

+6.0566243270259359e-03 +1.0000000000000000e+00 -4.9578022324322921e-50 +0.0000000000000000e+00
+8.9433756729740653e-03 +1.0000000000000000e+00 +4.9572852445494460e-50 +0.0000000000000000e+00

+1.1056624327025935e-02 +1.0000000000000000e+00 +6.4996318715753764e-45 +0.0000000000000000e+00
+1.3943375672974065e-02 +1.0000000000000000e+00 -6.4989449341645112e-45 +0.0000000000000000e+00

+1.6056624327025936e-02 +1.0000000000000000e+00 -8.5192702226277662e-40 +0.0000000000000000e+00
+1.8943375672974064e-02 +1.0000000000000000e+00 +8.5183696548095704e-40 +0.0000000000000000e+00

+2.1056624327025937e-02 +1.0000000000000000e+00 +1.1104789116763387e-34 +0.0000000000000000e+00
+2.3943375672974065e-02 +1.0000000000000000e+00 -1.1103608714446967e-34 +0.0000000000000000e+00

+2.6056624327025935e-02 +1.0000000000000000e+00 -4.2740867434941848e-30 +0.0000000000000000e+00
+2.8943375672974066e-02 +1.0000000000000000e+00 +4.2725481005581605e-30 +0.0000000000000000e+00

+3.1056624327025936e-02 +1.0000000000000000e+00 +3.1018660715185894e-28 +0.0000000000000000e+00
+3.3943375672974070e-02 +1.0000000000000000e+00 -2.5097378400550624e-28 +0.0000000000000000e+00

+3.6056624327025943e-02 +1.0000000000000000e+00 -9.0549655680883620e-27 +0.0000000000000000e+00
+3.8943375672974068e-02 +1.0000000000000000e+00 +5.1671307947262999e-27 +0.0000000000000000e+00

+4.1056624327025934e-02 +1.0000000000000000e+00 +1.1821200572965729e-25 +0.0000000000000000e+00
+4.3943375672974065e-02 +1.0000000000000000e+00 -1.9619218944368831e-26 +0.0000000000000000e+00

+4.6056624327025938e-02 +1.0000000000000000e+00 -1.1537377600184229e-25 +0.0000000000000000e+00
+4.8943375672974063e-02 +1.0000000000000000e+00 -8.4343679479093692e-25 +0.0000000000000000e+00

+5.1056624327025936e-02 +1.0000000000000000e+00 -1.6205270963781120e-23 +0.0000000000000000e+00
+5.3943375672974067e-02 +1.0000000000000000e+00 +1.1259695191947662e-23 +0.0000000000000000e+00

+5.6056624327025933e-02 +1.0000000000000000e+00 +1.6276858908637310e-22 +0.0000000000000000e+00
+5.8943375672974065e-02 +1.0000000000000000e+00 +2.6555467582361804e-23 +0.0000000000000000e+00

+6.1056624327025938e-02 +1.0000000000000000e+00 +4.0305786444544874e-22 +0.0000000000000000e+00
+6.3943375672974062e-02 +1.0000000000000000e+00 -1.3517156286272837e-21 +0.0000000000000000e+00

+6.6056624327025942e-02 +1.0000000000000000e+00 -1.5702470712987511e-20 +0.0000000000000000e+00
+6.8943375672974067e-02 +1.0000000000000000e+00 +3.7343673865479028e-21 +0.0000000000000000e+00

+7.1056624327025947e-02 +1.0000000000000000e+00 +4.3757408873944075e-20 +0.0000000000000000e+00
+7.3943375672974071e-02 +1.0000000000000000e+00 +8.9956297869417451e-20 +0.0000000000000000e+00

+7.6056624327025937e-02 +1.0000000000000000e+00 +8.0711061764028832e-19 +0.0000000000000000e+00
+7.8943375672974062e-02 +1.0000000000000000e+00 -4.9900342899314958e-19 +0.0000000000000000e+00

+8.1056624327025942e-02 +1.0000000000000000e+00 -4.7782374925113010e-18 +0.0000000000000000e+00
+8.3943375672974066e-02 +1.0000000000000000e+00 -4.1370723577393401e-18 +0.0000000000000000e+00

+8.6056624327025932e-02 +1.0000000000000000e+00 -2.7813896389768690e-17 +0.0000000000000000e+00
+8.8943375672974070e-02 +1.0000000000000000e+00 +3.2564125936282956e-17 +0.0000000000000000e+00

+9.1056624327025937e-02 +1.0000000000000000e+00 +2.6077296994607949e-16 +0.0000000000000000e+00
+9.3943375672974061e-02 +1.0000000000000000e+00 +1.4862292952066775e-16 +0.0000000000000000e+00

+9.6056624327025941e-02 +1.0000000000000000e+00 +6.9302771149471990e-16 +0.0000000000000000e+00
+9.8943375672974065e-02 +1.0000000000000000e+00 -1.4652757542990724e-15 +0.0000000000000000e+00

+1.0105662432702593e-01 +1.0000000000000000e+00 -9.9257796418060507e-15 +0.0000000000000000e+00
+1.0394337567297407e-01 +1.0000000000000000e+00 -4.6179895023546449e-15 +0.0000000000000000e+00

+1.0605662432702594e-01 +1.0000000000000000e+00 -1.3998234158990229e-14 +0.0000000000000000e+00
+1.0894337567297406e-01 +1.0000000000000000e+00 +4.9999434905961396e-14 +0.0000000000000000e+00

+1.1105662432702594e-01 +1.0000000000000000e+00 +2.9240134585625156e-13 +0.0000000000000000e+00
+1.1394337567297406e-01 +1.0000000000000000e+00 +1.3644374254678743e-13 +0.0000000000000000e+00

+1.1605662432702593e-01 +1.0000000000000000e+00 +3.0392483868782267e-13 +0.0000000000000000e+00
+1.1894337567297407e-01 +1.0000000000000000e+00 -1.3484296090695844e-12 +0.0000000000000000e+00

+1.2105662432702594e-01 +1.0000000000000000e+00 -7.0743810246395683e-12 +0.0000000000000000e+00
+1.2394337567297406e-01 +1.0000000000000000e+00 -3.9446213301536213e-12 +0.0000000000000000e+00

+1.2605662432702594e-01 +1.0000000000000000e+00 -8.0036811828388526e-12 +0.0000000000000000e+00
+1.2894337567297406e-01 +1.0000000000000000e+00 +2.8642788577371742e-11 +0.0000000000000000e+00

+1.3105662432702594e-01 +1.0000000000000000e+00 +1.4042254260403323e-10 +0.0000000000000000e+00
+1.3394337567297407e-01 +1.0000000000000000e+00 +1.0245287574836946e-10 +0.0000000000000000e+00

+1.3605662432702595e-01 +1.0000000000000000e+00 +2.1224451590264092e-10 +0.0000000000000000e+00
+1.3894337567297407e-01 +1.0000000000000000e+00 -4.5467026937610539e-10 +0.0000000000000000e+00

+1.4105662432702595e-01 +1.0000000000000000e+00 -2.2209284061492123e-09 +0.0000000000000000e+00
+1.4394337567297405e-01 +1.0000000000000000e+00 -2.1582576775330533e-09 +0.0000000000000000e+00

+1.4605662432702593e-01 +1.0000000000000000e+00 -5.3895071959141313e-09 +0.0000000000000000e+00
+1.4894337567297405e-01 +1.0000000000000000e+00 +5.5821013785869881e-09 +0.0000000000000000e+00

+1.5105662432702593e-01 +1.0000000000000000e+00 +2.9786717618987421e-08 +0.0000000000000000e+00
+1.5394337567297406e-01 +1.0000000000000000e+00 +5.4749179262376572e-08 +0.0000000000000000e+00

+1.5605662432702594e-01 +1.0000000000000000e+00 +3.8166439150907732e-07 +0.0000000000000000e+00
+1.5894337567297406e-01 +1.0000000000000000e+00 +6.5752255579816384e-07 +0.0000000000000000e+00

+1.6105662432702594e-01 +1.0000000000000000e+00 +3.8949888853037479e-06 +0.0000000000000000e+00
+1.6394337567297407e-01 +1.0000000000000000e+00 +6.6405737212702292e-06 +0.0000000000000000e+00

+1.6605662432702595e-01 +1.0000000000000000e+00 +3.3276349679601746e-05 +0.0000000000000000e+00
+1.6894337567297407e-01 +1.0000000000000000e+00 +5.6093702838514696e-05 +0.0000000000000000e+00

+1.7105662432702595e-01 +1.0000000000000000e+00 +2.3712344738413961e-04 +0.0000000000000000e+00
+1.7394337567297408e-01 +1.0000000000000000e+00 +3.9431334857150876e-04 +0.0000000000000000e+00

+1.7605662432702593e-01 +1.0000000000000000e+00 +1.4040605128498797e-03 +0.0000000000000000e+00
+1.7894337567297408e-01 +1.0000000000000000e+00 +2.2972276543501173e-03 +0.0000000000000000e+00

+1.8105662432702593e-01 +1.0000000000000000e+00 +6.8796382341270272e-03 +0.0000000000000000e+00
+1.8394337567297406e-01 +1.0000000000000000e+00 +1.1040759688320344e-02 +0.0000000000000000e+00

+1.8605662432702594e-01 +1.0000000000000000e+00 +2.7787851825838615e-02 +0.0000000000000000e+00
+1.8894337567297406e-01 +1.0000000000000000e+00 +4.3589538226175222e-02 +0.0000000000000000e+00

+1.9105662432702594e-01 +1.0000000000000000e+00 +9.2217856366216502e-02 +0.0000000000000000e+00
+1.9394337567297407e-01 +1.0000000000000000e+00 +1.4065517016907680e-01 +0.0000000000000000e+00

+1.9605662432702595e-01 +1.0000000000000000e+00 +2.5273892365283573e-01 +0.0000000000000000e+00
+1.9894337567297407e-01 +1.0000000000000000e+00 +3.7658486610396247e-01 +0.0000000000000000e+00

+2.0105662432702592e-01 +1.0000000000000000e+00 +5.3734668899842353e-01 +1.0000000000000000e+00
+2.0394337567297408e-01 +1.0000000000000000e+00 +6.9300428475452447e-01 +1.0000000000000000e+00

+2.0605662432702593e-01 +1.0000000000000000e+00 +8.3045865957112397e-01 +1.0000000000000000e+00
+2.0894337567297405e-01 +1.0000000000000000e+00 +9.0762511992679740e-01 +1.0000000000000000e+00

+2.1105662432702593e-01 +1.0000000000000000e+00 +9.8657499059964493e-01 +1.0000000000000000e+00
+2.1394337567297406e-01 +1.0000000000000000e+00 +1.0040956396698213e+00 +1.0000000000000000e+00

+2.1605662432702594e-01 +1.0000000000000000e+00 +1.0279581860929639e+00 +1.0000000000000000e+00
+2.1894337567297406e-01 +1.0000000000000000e+00 +1.0227915508535896e+00 +1.0000000000000000e+00

+2.2105662432702594e-01 +1.0000000000000000e+00 +1.0189708752933653e+00 +1.0000000000000000e+00
+2.2394337567297407e-01 +1.0000000000000000e+00 +1.0131621936572015e+00 +1.0000000000000000e+00

+2.2605662432702595e-01 +1.0000000000000000e+00 +1.0049512523123669e+00 +1.0000000000000000e+00
+2.2894337567297407e-01 +1.0000000000000000e+00 +1.0021030860537821e+00 +1.0000000000000000e+00

+2.3105662432702595e-01 +1.0000000000000000e+00 +9.9872713641959754e-01 +1.0000000000000000e+00
+2.3394337567297407e-01 +1.0000000000000000e+00 +9.9878032735232458e-01 +1.0000000000000000e+00

+2.3605662432702593e-01 +1.0000000000000000e+00 +9.9881924147336221e-01 +1.0000000000000000e+00
+2.3894337567297408e-01 +1.0000000000000000e+00 +9.9887248244487725e-01 +1.0000000000000000e+00

+2.4105662432702593e-01 +1.0000000000000000e+00 +9.9965334303354547e-01 +1.0000000000000000e+00
+2.4394337567297406e-01 +1.0000000000000000e+00 +9.9985781309338129e-01 +1.0000000000000000e+00

+2.4605662432702594e-01 +1.0000000000000000e+00 +1.0001081969078081e+00 +1.0000000000000000e+00
+2.4894337567297406e-01 +1.0000000000000000e+00 +1.0000888264683816e+00 +1.0000000000000000e+00

+2.5105662432702591e-01 +1.0000000000000000e+00 +1.0000753092417103e+00 +1.0000000000000000e+00
+2.5394337567297409e-01 +1.0000000000000000e+00 +1.0000545436953010e+00 +1.0000000000000000e+00

+2.5605662432702592e-01 +1.0000000000000000e+00 +1.0000089995342565e+00 +1.0000000000000000e+00
+2.5894337567297404e-01 +1.0000000000000000e+00 +1.0000016099918498e+00 +1.0000000000000000e+00

+2.6105662432702592e-01 +1.0000000000000000e+00 +9.9999132385749190e-01 +1.0000000000000000e+00
+2.6394337567297405e-01 +1.0000000000000000e+00 +9.9999388051170379e-01 +1.0000000000000000e+00

+2.6605662432702593e-01 +1.0000000000000000e+00 +9.9999645277255955e-01 +1.0000000000000000e+00
+2.6894337567297411e-01 +1.0000000000000000e+00 +9.9999828919859834e-01 +1.0000000000000000e+00

+2.7105662432702599e-01 +1.0000000000000000e+00 +1.0000003067598759e+00 +1.0000000000000000e+00
+2.7394337567297411e-01 +1.0000000000000000e+00 +1.0000003320306630e+00 +1.0000000000000000e+00

+2.7605662432702599e-01 +1.0000000000000000e+00 +1.0000003515622633e+00 +1.0000000000000000e+00
+2.7894337567297411e-01 +1.0000000000000000e+00 +1.0000003747579607e+00 +1.0000000000000000e+00

+2.8105662432702594e-01 +1.0000000000000000e+00 +1.0000000492587162e+00 +1.0000000000000000e+00
+2.8394337567297412e-01 +1.0000000000000000e+00 +1.0000000086192387e+00 +1.0000000000000000e+00

+2.8605662432702594e-01 +1.0000000000000000e+00 +9.9999996377906730e-01 +1.0000000000000000e+00
+2.8894337567297401e-01 +1.0000000000000000e+00 +9.9999996075321773e-01 +1.0000000000000000e+00

+2.9105662432702589e-01 +1.0000000000000000e+00 +9.9999998593082240e-01 +1.0000000000000000e+00
+2.9394337567297407e-01 +1.0000000000000000e+00 +9.9999999775093429e-01 +1.0000000000000000e+00

+2.9605662432702595e-01 +1.0000000000000000e+00 +1.0000000030067746e+00 +1.0000000000000000e+00
+2.9894337567297408e-01 +1.0000000000000000e+00 +1.0000000057407754e+00 +1.0000000000000000e+00

+3.0105662432702596e-01 +1.0000000000000000e+00 +1.0000000022318862e+00 +1.0000000000000000e+00
+3.0394337567297408e-01 +1.0000000000000000e+00 +1.0000000008458805e+00 +1.0000000000000000e+00

+3.0605662432702596e-01 +1.0000000000000000e+00 +9.9999999982732790e-01 +1.0000000000000000e+00
+3.0894337567297403e-01 +1.0000000000000000e+00 +9.9999999931696948e-01 +1.0000000000000000e+00

+3.1105662432702597e-01 +1.0000000000000000e+00 +9.9999999970344655e-01 +1.0000000000000000e+00
+3.1394337567297403e-01 +1.0000000000000000e+00 +9.9999999983679611e-01 +1.0000000000000000e+00

+3.1605662432702597e-01 +1.0000000000000000e+00 +9.9999999999590838e-01 +1.0000000000000000e+00
+3.1894337567297404e-01 +1.0000000000000000e+00 +1.0000000000722613e+00 +1.0000000000000000e+00

+3.2105662432702592e-01 +1.0000000000000000e+00 +1.0000000000412916e+00 +1.0000000000000000e+00
+3.2394337567297410e-01 +1.0000000000000000e+00 +1.0000000000279441e+00 +1.0000000000000000e+00

+3.2605662432702598e-01 +1.0000000000000000e+00 +1.0000000000108442e+00 +1.0000000000000000e+00
+3.2894337567297405e-01 +1.0000000000000000e+00 +9.9999999996485145e-01 +1.0000000000000000e+00

+3.3105662432702593e-01 +1.0000000000000000e+00 +9.9999999985604382e-01 +1.0000000000000000e+00
+3.3394337567297411e-01 +1.0000000000000000e+00 +9.9999999989454347e-01 +1.0000000000000000e+00

+3.3605662432702599e-01 +1.0000000000000000e+00 +9.9999999978723930e-01 +1.0000000000000000e+00
+3.3894337567297406e-01 +1.0000000000000000e+00 +1.0000000004551928e+00 +1.0000000000000000e+00

+3.4105662432702594e-01 +1.0000000000000000e+00 +1.0000000022212554e+00 +1.0000000000000000e+00
+3.4394337567297412e-01 +1.0000000000000000e+00 +1.0000000021585871e+00 +1.0000000000000000e+00

+3.4605662432702600e-01 +1.0000000000000000e+00 +1.0000000053895761e+00 +1.0000000000000000e+00
+3.4894337567297407e-01 +1.0000000000000000e+00 +9.9999999441785181e-01 +1.0000000000000000e+00

+3.5105662432702595e-01 +1.0000000000000000e+00 +9.9999997021325893e-01 +1.0000000000000000e+00
+3.5394337567297407e-01 +1.0000000000000000e+00 +9.9999994525076863e-01 +1.0000000000000000e+00

+3.5605662432702589e-01 +1.0000000000000000e+00 +9.9999961833559203e-01 +1.0000000000000000e+00
+3.5894337567297407e-01 +1.0000000000000000e+00 +9.9999934247744504e-01 +1.0000000000000000e+00

+3.6105662432702595e-01 +1.0000000000000000e+00 +9.9999610501111258e-01 +1.0000000000000000e+00
+3.6394337567297402e-01 +1.0000000000000000e+00 +9.9999335942628098e-01 +1.0000000000000000e+00

+3.6605662432702590e-01 +1.0000000000000000e+00 +9.9996672365031847e-01 +1.0000000000000000e+00
+3.6894337567297408e-01 +1.0000000000000000e+00 +9.9994390629715757e-01 +1.0000000000000000e+00

+3.7105662432702591e-01 +1.0000000000000000e+00 +9.9976287655261187e-01 +1.0000000000000000e+00
+3.7394337567297403e-01 +1.0000000000000000e+00 +9.9960568665142346e-01 +1.0000000000000000e+00

+3.7605662432702591e-01 +1.0000000000000000e+00 +9.9859593948714642e-01 +1.0000000000000000e+00
+3.7894337567297409e-01 +1.0000000000000000e+00 +9.9770277234564686e-01 +1.0000000000000000e+00

+3.8105662432702592e-01 +1.0000000000000000e+00 +9.9312036176586926e-01 +1.0000000000000000e+00
+3.8394337567297410e-01 +1.0000000000000000e+00 +9.8895924031167592e-01 +1.0000000000000000e+00

+3.8605662432702598e-01 +1.0000000000000000e+00 +9.7221214817415769e-01 +1.0000000000000000e+00
+3.8894337567297405e-01 +1.0000000000000000e+00 +9.5641046177382127e-01 +1.0000000000000000e+00

+3.9105662432702593e-01 +1.0000000000000000e+00 +9.0778214363377974e-01 +1.0000000000000000e+00
+3.9394337567297411e-01 +1.0000000000000000e+00 +8.5934482983091931e-01 +1.0000000000000000e+00

+3.9605662432702599e-01 +1.0000000000000000e+00 +7.4726107634715944e-01 +1.0000000000000000e+00
+3.9894337567297405e-01 +1.0000000000000000e+00 +6.2341513389603165e-01 +1.0000000000000000e+00

+4.0105662432702593e-01 +1.0000000000000000e+00 +4.6265331100157026e-01 +0.0000000000000000e+00
+4.0394337567297411e-01 +1.0000000000000000e+00 +3.0699571524546920e-01 +0.0000000000000000e+00

+4.0605662432702594e-01 +1.0000000000000000e+00 +1.6954134042886887e-01 +0.0000000000000000e+00
+4.0894337567297406e-01 +1.0000000000000000e+00 +9.2374880073196941e-02 +0.0000000000000000e+00

+4.1105662432702594e-01 +1.0000000000000000e+00 +1.3425009400350692e-02 +0.0000000000000000e+00
+4.1394337567297412e-01 +1.0000000000000000e+00 -4.0956396698251657e-03 +0.0000000000000000e+00

+4.1605662432702595e-01 +1.0000000000000000e+00 -2.7958186092966800e-02 +0.0000000000000000e+00
+4.1894337567297407e-01 +1.0000000000000000e+00 -2.2791550853593058e-02 +0.0000000000000000e+00

+4.2105662432702595e-01 +1.0000000000000000e+00 -1.8970875293369261e-02 +0.0000000000000000e+00
+4.2394337567297402e-01 +1.0000000000000000e+00 -1.3162193657206197e-02 +0.0000000000000000e+00

+4.2605662432702590e-01 +1.0000000000000000e+00 -4.9512523123720446e-03 +0.0000000000000000e+00
+4.2894337567297408e-01 +1.0000000000000000e+00 -2.1030860537873224e-03 +0.0000000000000000e+00

+4.3105662432702596e-01 +1.0000000000000000e+00 +1.2728635803974191e-03 +0.0000000000000000e+00
+4.3394337567297403e-01 +1.0000000000000000e+00 +1.2196726476702811e-03 +0.0000000000000000e+00

+4.3605662432702591e-01 +1.0000000000000000e+00 +1.1807585266326867e-03 +0.0000000000000000e+00
+4.3894337567297403e-01 +1.0000000000000000e+00 +1.1275175551177482e-03 +0.0000000000000000e+00

+4.4105662432702597e-01 +1.0000000000000000e+00 +3.4665696645034183e-04 +0.0000000000000000e+00
+4.4394337567297409e-01 +1.0000000000000000e+00 +1.4218690661405313e-04 +0.0000000000000000e+00

+4.4605662432702597e-01 +1.0000000000000000e+00 -1.0819690781299576e-04 +0.0000000000000000e+00
+4.4894337567297404e-01 +1.0000000000000000e+00 -8.8826468386980466e-05 +0.0000000000000000e+00

+4.5105662432702592e-01 +1.0000000000000000e+00 -7.5309241716160115e-05 +0.0000000000000000e+00
+4.5394337567297410e-01 +1.0000000000000000e+00 -5.4543695307597749e-05 +0.0000000000000000e+00

+4.5605662432702598e-01 +1.0000000000000000e+00 -8.9995342621083084e-06 +0.0000000000000000e+00
+4.5894337567297405e-01 +1.0000000000000000e+00 -1.6099918550998307e-06 +0.0000000000000000e+00

+4.6105662432702593e-01 +1.0000000000000000e+00 +8.6761425030210407e-06 +0.0000000000000000e+00
+4.6394337567297411e-01 +1.0000000000000000e+00 +6.1194882911096997e-06 +0.0000000000000000e+00

+4.6605662432702599e-01 +1.0000000000000000e+00 +3.5472274349764493e-06 +0.0000000000000000e+00
+4.6894337567297406e-01 +1.0000000000000000e+00 +1.7108013965245819e-06 +0.0000000000000000e+00

+4.7105662432702594e-01 +1.0000000000000000e+00 -3.0675988049744219e-07 +0.0000000000000000e+00
+4.7394337567297407e-01 +1.0000000000000000e+00 -3.3203066752130434e-07 +0.0000000000000000e+00

+4.7605662432702595e-01 +1.0000000000000000e+00 -3.5156226779244530e-07 +0.0000000000000000e+00
+4.7894337567297407e-01 +1.0000000000000000e+00 -3.7475796540278013e-07 +0.0000000000000000e+00

+4.8105662432702595e-01 +1.0000000000000000e+00 -4.9258721511811742e-08 +0.0000000000000000e+00
+4.8394337567297402e-01 +1.0000000000000000e+00 -8.6192441182519149e-09 +0.0000000000000000e+00

+4.8605662432702590e-01 +1.0000000000000000e+00 +3.6220927178458795e-08 +0.0000000000000000e+00
+4.8894337567297408e-01 +1.0000000000000000e+00 +3.9246777049479660e-08 +0.0000000000000000e+00

+4.9105662432702590e-01 +1.0000000000000000e+00 +1.4069172688900889e-08 +0.0000000000000000e+00
+4.9394337567297403e-01 +1.0000000000000000e+00 +2.2490616515655288e-09 +0.0000000000000000e+00

+4.9605662432702591e-01 +1.0000000000000000e+00 -3.0067790636462740e-09 +0.0000000000000000e+00
+4.9894337567297409e-01 +1.0000000000000000e+00 -5.7407769829239200e-09 +0.0000000000000000e+00

+5.0105662432702591e-01 +1.0000000000000000e+00 -2.2318786530639001e-09 +0.0000000000000000e+00
+5.0394337567297409e-01 +1.0000000000000000e+00 -8.4587815364391011e-10 +0.0000000000000000e+00

+5.0605662432702592e-01 +1.0000000000000000e+00 +1.7268332696399009e-10 +0.0000000000000000e+00
+5.0894337567297410e-01 +1.0000000000000000e+00 +6.8297718085523352e-10 +0.0000000000000000e+00

+5.1105662432702592e-01 +1.0000000000000000e+00 +2.9625705998537266e-10 +0.0000000000000000e+00
+5.1394337567297410e-01 +1.0000000000000000e+00 +1.6306305837409817e-10 +0.0000000000000000e+00

+5.1605662432702593e-01 +1.0000000000000000e+00 +3.7828324483487509e-12 +0.0000000000000000e+00
+5.1894337567297411e-01 +1.0000000000000000e+00 -7.0917827413095567e-11 +0.0000000000000000e+00

+5.2105662432702593e-01 +1.0000000000000000e+00 -3.4221459145257253e-11 +0.0000000000000000e+00
+5.2394337567297411e-01 +1.0000000000000000e+00 -2.4003483853765262e-11 +0.0000000000000000e+00

+5.2605662432702593e-01 +1.0000000000000000e+00 -2.8446602896424061e-12 +0.0000000000000000e+00
+5.2894337567297411e-01 +1.0000000000000000e+00 +6.5018797124381044e-12 +0.0000000000000000e+00

+5.3105662432702594e-01 +1.0000000000000000e+00 +3.5298237521227698e-12 +0.0000000000000000e+00
+5.3394337567297412e-01 +1.0000000000000000e+00 +2.9999675202808554e-12 +0.0000000000000000e+00

+5.3605662432702594e-01 +1.0000000000000000e+00 +5.1228228067679495e-13 +0.0000000000000000e+00
+5.3894337567297412e-01 +1.0000000000000000e+00 -5.2601452304678190e-13 +0.0000000000000000e+00

+5.4105662432702606e-01 +1.0000000000000000e+00 -3.3063301649462996e-13 +0.0000000000000000e+00
+5.4394337567297413e-01 +1.0000000000000000e+00 -3.3310698689058444e-13 +0.0000000000000000e+00

+5.4605662432702595e-01 +1.0000000000000000e+00 -6.7821663777931009e-14 +0.0000000000000000e+00
+5.4894337567297413e-01 +1.0000000000000000e+00 +3.6949251718380688e-14 +0.0000000000000000e+00

+5.5105662432702596e-01 +1.0000000000000000e+00 +2.8443660224852558e-14 +0.0000000000000000e+00
+5.5394337567297414e-01 +1.0000000000000000e+00 +3.3690531575690978e-14 +0.0000000000000000e+00

+5.5605662432702596e-01 +1.0000000000000000e+00 +7.6146765559265897e-15 +0.0000000000000000e+00
+5.5894337567297414e-01 +1.0000000000000000e+00 -2.1356975737378458e-15 +0.0000000000000000e+00

+5.6105662432702597e-01 +1.0000000000000000e+00 -2.2645964541315032e-15 +0.0000000000000000e+00
+5.6394337567297415e-01 +1.0000000000000000e+00 -3.1537852868643761e-15 +0.0000000000000000e+00

+5.6605662432702597e-01 +1.0000000000000000e+00 -7.6383356971010296e-16 +0.0000000000000000e+00
+5.6894337567297415e-01 +1.0000000000000000e+00 +8.2331608634010384e-17 +0.0000000000000000e+00

+5.7105662432702597e-01 +1.0000000000000000e+00 +1.6766599484568155e-16 +0.0000000000000000e+00
+5.7394337567297415e-01 +1.0000000000000000e+00 +2.7635658610877856e-16 +0.0000000000000000e+00

+5.7605662432702598e-01 +1.0000000000000000e+00 +7.0293654035045212e-17 +0.0000000000000000e+00
+5.7894337567297405e-01 +1.0000000000000000e+00 +1.2348903784062299e-18 +0.0000000000000000e+00

+5.8105662432702587e-01 +1.0000000000000000e+00 -1.1567756878624516e-17 +0.0000000000000000e+00
+5.8394337567297405e-01 +1.0000000000000000e+00 -2.2862811611674451e-17 +0.0000000000000000e+00

+5.8605662432702588e-01 +1.0000000000000000e+00 -6.0311103216178129e-18 +0.0000000000000000e+00
+5.8894337567297406e-01 +1.0000000000000000e+00 -6.9477995258600226e-19 +0.0000000000000000e+00

+5.9105662432702588e-01 +1.0000000000000000e+00 +7.4283895061716986e-19 +0.0000000000000000e+00
+5.9394337567297406e-01 +1.0000000000000000e+00 +1.7977738596273566e-18 +0.0000000000000000e+00

+5.9605662432702589e-01 +1.0000000000000000e+00 +4.8774474250446451e-19 +0.0000000000000000e+00
+5.9894337567297407e-01 +1.0000000000000000e+00 +9.5168427626498859e-20 +0.0000000000000000e+00

+6.0105662432702589e-01 +1.0000000000000000e+00 -4.4133702684214180e-20 +0.0000000000000000e+00
+6.0394337567297407e-01 +1.0000000000000000e+00 -1.3510197993843628e-19 +0.0000000000000000e+00

+6.0605662432702589e-01 +1.0000000000000000e+00 -3.7477915850691361e-20 +0.0000000000000000e+00
+6.0894337567297407e-01 +1.0000000000000000e+00 -9.8556263436448647e-21 +0.0000000000000000e+00

+6.1105662432702590e-01 +1.0000000000000000e+00 +2.3898736773580286e-21 +0.0000000000000000e+00
+6.1394337567297397e-01 +1.0000000000000000e+00 +9.7472790903163410e-21 +0.0000000000000000e+00

+6.1605662432702590e-01 +1.0000000000000000e+00 +2.7530769076379792e-21 +0.0000000000000000e+00
+6.1894337567297408e-01 +1.0000000000000000e+00 +8.8698084653010047e-22 +0.0000000000000000e+00

+6.2105662432702591e-01 +1.0000000000000000e+00 -1.1379242327202118e-22 +0.0000000000000000e+00
+6.2394337567297409e-01 +1.0000000000000000e+00 -6.7774756762561606e-22 +0.0000000000000000e+00

+6.2605662432702602e-01 +1.0000000000000000e+00 -1.9429175413387303e-22 +0.0000000000000000e+00
+6.2894337567297409e-01 +1.0000000000000000e+00 -7.2846344539115598e-23 +0.0000000000000000e+00

+6.3105662432702592e-01 +1.0000000000000000e+00 +4.2922200340832853e-24 +0.0000000000000000e+00
+6.3394337567297399e-01 +1.0000000000000000e+00 +4.5566268124810156e-23 +0.0000000000000000e+00

+6.3605662432702592e-01 +1.0000000000000000e+00 +1.3226123378362522e-23 +0.0000000000000000e+00
+6.3894337567297410e-01 +1.0000000000000000e+00 +5.5907712573694568e-24 +0.0000000000000000e+00

+6.4105662432702593e-01 +1.0000000000000000e+00 -7.0172786065244730e-26 +0.0000000000000000e+00
+6.4394337567297411e-01 +1.0000000000000000e+00 -2.9706102839964237e-24 +0.0000000000000000e+00

+6.4605662432702593e-01 +1.0000000000000000e+00 -8.7139865805560788e-25 +0.0000000000000000e+00
+6.4894337567297411e-01 +1.0000000000000000e+00 -4.0652714859142133e-25 +0.0000000000000000e+00

+6.5105662432702593e-01 +1.0000000000000000e+00 -8.3167872750213961e-27 +0.0000000000000000e+00
+6.5394337567297400e-01 +1.0000000000000000e+00 +1.8825801074618198e-25 +0.0000000000000000e+00

+6.5605662432702594e-01 +1.0000000000000000e+00 +5.5725294577893380e-26 +0.0000000000000000e+00
+6.5894337567297412e-01 +1.0000000000000000e+00 +2.8259049416334644e-26 +0.0000000000000000e+00

+6.6105662432702594e-01 +1.0000000000000000e+00 +1.2724247631682094e-27 +0.0000000000000000e+00
+6.6394337567297412e-01 +1.0000000000000000e+00 -1.1622929743857963e-26 +0.0000000000000000e+00

+6.6605662432702595e-01 +1.0000000000000000e+00 -3.4674605123687041e-27 +0.0000000000000000e+00
+6.6894337567297413e-01 +1.0000000000000000e+00 -1.8898322445298596e-27 +0.0000000000000000e+00

+6.7105662432702595e-01 +1.0000000000000000e+00 -1.2081719360881633e-28 +0.0000000000000000e+00
+6.7394337567297413e-01 +1.0000000000000000e+00 +7.0044147433410757e-28 +0.0000000000000000e+00

+6.7605662432702607e-01 +1.0000000000000000e+00 +2.1039134682876410e-28 +0.0000000000000000e+00
+6.7894337567297414e-01 +1.0000000000000000e+00 +1.2216285240659901e-28 +0.0000000000000000e+00

+6.8105662432702596e-01 +1.0000000000000000e+00 +9.6326713589009878e-30 +0.0000000000000000e+00
+6.8394337567297414e-01 +1.0000000000000000e+00 -4.1273330691598686e-29 +0.0000000000000000e+00

+6.8605662432702597e-01 +1.0000000000000000e+00 -1.2471568784155574e-29 +0.0000000000000000e+00
+6.8894337567297415e-01 +1.0000000000000000e+00 -7.6613598271648894e-30 +0.0000000000000000e+00

+6.9105662432702597e-01 +1.0000000000000000e+00 -6.9619879135145920e-31 +0.0000000000000000e+00
+6.9394337567297415e-01 +1.0000000000000000e+00 +2.3816446927768116e-30 +0.0000000000000000e+00

+6.9605662432702609e-01 +1.0000000000000000e+00 +7.2346273895664948e-31 +0.0000000000000000e+00
+6.9894337567297404e-01 +1.0000000000000000e+00 +4.6753381874280341e-31 +0.0000000000000000e+00

+7.0105662432702598e-01 +1.0000000000000000e+00 +4.7088757421756199e-32 +0.0000000000000000e+00
+7.0394337567297405e-01 +1.0000000000000000e+00 -1.3477042774289591e-31 +0.0000000000000000e+00

+7.0605662432702587e-01 +1.0000000000000000e+00 -4.1129979052935836e-32 +0.0000000000000000e+00
+7.0894337567297394e-01 +1.0000000000000000e+00 -2.7830857360626187e-32 +0.0000000000000000e+00

+7.1105662432702588e-01 +1.0000000000000000e+00 -3.0306192999985146e-33 +0.0000000000000000e+00
+7.1394337567297406e-01 +1.0000000000000000e+00 +7.4879668473456153e-33 +0.0000000000000000e+00

+7.1605662432702588e-01 +1.0000000000000000e+00 +2.2946990043446201e-33 +0.0000000000000000e+00
+7.1894337567297406e-01 +1.0000000000000000e+00 +1.6193671060541886e-33 +0.0000000000000000e+00

+7.2105662432702600e-01 +1.0000000000000000e+00 +1.8746546531312672e-34 +0.0000000000000000e+00
+7.2394337567297407e-01 +1.0000000000000000e+00 -4.0895455720988631e-34 +0.0000000000000000e+00

+7.2605662432702600e-01 +1.0000000000000000e+00 -1.2578751214203236e-34 +0.0000000000000000e+00
+7.2894337567297396e-01 +1.0000000000000000e+00 -9.2265504104089664e-35 +0.0000000000000000e+00

+7.3105662432702589e-01 +1.0000000000000000e+00 -1.1219051476357427e-35 +0.0000000000000000e+00
+7.3394337567297407e-01 +1.0000000000000000e+00 +2.1977243953393986e-35 +0.0000000000000000e+00

+7.3605662432702590e-01 +1.0000000000000000e+00 +6.7820874924492413e-36 +0.0000000000000000e+00
+7.3894337567297408e-01 +1.0000000000000000e+00 +5.1555774910125936e-36 +0.0000000000000000e+00

+7.4105662432702590e-01 +1.0000000000000000e+00 +6.5262659490952714e-37 +0.0000000000000000e+00
+7.4394337567297408e-01 +1.0000000000000000e+00 -1.1632259639017772e-36 +0.0000000000000000e+00

+7.4605662432702591e-01 +1.0000000000000000e+00 -3.6002212541556673e-37 +0.0000000000000000e+00
+7.4894337567297398e-01 +1.0000000000000000e+00 -2.8290845478312718e-37 +0.0000000000000000e+00

+7.5105662432702591e-01 +1.0000000000000000e+00 -3.7030351154645521e-38 +0.0000000000000000e+00
+7.5394337567297409e-01 +1.0000000000000000e+00 +6.0690164136464992e-38 +0.0000000000000000e+00

+7.5605662432702592e-01 +1.0000000000000000e+00 +1.8833136603006686e-38 +0.0000000000000000e+00
+7.5894337567297410e-01 +1.0000000000000000e+00 +1.5263872902358658e-38 +0.0000000000000000e+00

+7.6105662432702592e-01 +1.0000000000000000e+00 +2.0549736879215062e-39 +0.0000000000000000e+00
+7.6394337567297410e-01 +1.0000000000000000e+00 -3.1237450066368180e-39 +0.0000000000000000e+00

+7.6605662432702593e-01 +1.0000000000000000e+00 -9.7162331868656935e-40 +0.0000000000000000e+00
+7.6894337567297411e-01 +1.0000000000000000e+00 -8.1058276427523790e-40 +0.0000000000000000e+00

+7.7105662432702604e-01 +1.0000000000000000e+00 -1.1177557963410228e-40 +0.0000000000000000e+00
+7.7394337567297400e-01 +1.0000000000000000e+00 +1.5872595019673554e-40 +0.0000000000000000e+00

+7.7605662432702593e-01 +1.0000000000000000e+00 +4.9474279526444224e-41 +0.0000000000000000e+00
+7.7894337567297400e-01 +1.0000000000000000e+00 +4.2409210280226391e-41 +0.0000000000000000e+00

+7.8105662432702594e-01 +1.0000000000000000e+00 +5.9696480966703268e-42 +0.0000000000000000e+00
+7.8394337567297412e-01 +1.0000000000000000e+00 -7.9675131078035389e-42 +0.0000000000000000e+00

+7.8605662432702594e-01 +1.0000000000000000e+00 -2.4880862081088034e-42 +0.0000000000000000e+00
+7.8894337567297412e-01 +1.0000000000000000e+00 -2.1879092629269396e-42 +0.0000000000000000e+00

+7.9105662432702606e-01 +1.0000000000000000e+00 -3.1351326544807680e-43 +0.0000000000000000e+00
+7.9394337567297413e-01 +1.0000000000000000e+00 +3.9533513557808698e-43 +0.0000000000000000e+00

+7.9605662432702606e-01 +1.0000000000000000e+00 +1.2366032841157432e-43 +0.0000000000000000e+00
+7.9894337567297402e-01 +1.0000000000000000e+00 +1.1138998231778097e-43 +0.0000000000000000e+00

+8.0105662432702596e-01 +1.0000000000000000e+00 +1.6211289958282679e-44 +0.0000000000000000e+00
+8.0394337567297414e-01 +1.0000000000000000e+00 -1.9400871271889929e-44 +0.0000000000000000e+00

+8.0605662432702596e-01 +1.0000000000000000e+00 -6.0775425141091274e-45 +0.0000000000000000e+00
+8.0894337567297414e-01 +1.0000000000000000e+00 -5.6004372285097460e-45 +0.0000000000000000e+00

+8.1105662432702597e-01 +1.0000000000000000e+00 -8.2624394008100732e-46 +0.0000000000000000e+00
+8.1394337567297415e-01 +1.0000000000000000e+00 +9.4214500734491438e-46 +0.0000000000000000e+00

+8.1605662432702597e-01 +1.0000000000000000e+00 +2.9552416169678031e-46 +0.0000000000000000e+00
+8.1894337567297404e-01 +1.0000000000000000e+00 +2.7825411362412591e-46 +0.0000000000000000e+00

+8.2105662432702597e-01 +1.0000000000000000e+00 +4.1547335008442341e-47 +0.0000000000000000e+00
+8.2394337567297415e-01 +1.0000000000000000e+00 -4.5296670588512839e-47 +0.0000000000000000e+00

+8.2605662432702598e-01 +1.0000000000000000e+00 -1.4224699546944492e-47 +0.0000000000000000e+00
+8.2894337567297416e-01 +1.0000000000000000e+00 -1.3669945239038622e-47 +0.0000000000000000e+00

+8.3105662432702598e-01 +1.0000000000000000e+00 -2.0629511908057965e-48 +0.0000000000000000e+00
+8.3394337567297405e-01 +1.0000000000000000e+00 +2.1570661987779942e-48 +0.0000000000000000e+00

+8.3605662432702588e-01 +1.0000000000000000e+00 +6.7807965142459324e-49 +0.0000000000000000e+00
+8.3894337567297406e-01 +1.0000000000000000e+00 +6.6441367292553208e-49 +0.0000000000000000e+00

+8.4105662432702588e-01 +1.0000000000000000e+00 +1.0122141053492072e-49 +0.0000000000000000e+00
+8.4394337567297406e-01 +1.0000000000000000e+00 -1.0178707894479377e-49 +0.0000000000000000e+00

+8.4605662432702600e-01 +1.0000000000000000e+00 -3.2025379901956877e-50 +0.0000000000000000e+00
+8.4894337567297407e-01 +1.0000000000000000e+00 -3.1965368334627639e-50 +0.0000000000000000e+00

+8.5105662432702589e-01 +1.0000000000000000e+00 -4.9111901868013975e-51 +0.0000000000000000e+00
+8.5394337567297407e-01 +1.0000000000000000e+00 +4.7612941115526687e-51 +0.0000000000000000e+00

+8.5605662432702589e-01 +1.0000000000000000e+00 +1.4992003100240086e-51 +0.0000000000000000e+00
+8.5894337567297407e-01 +1.0000000000000000e+00 +1.5229884140372650e-51 +0.0000000000000000e+00

+8.6105662432702590e-01 +1.0000000000000000e+00 +2.3577457766296994e-52 +0.0000000000000000e+00
+8.6394337567297408e-01 +1.0000000000000000e+00 -2.2086183384492652e-52 +0.0000000000000000e+00

+8.6605662432702601e-01 +1.0000000000000000e+00 -6.9589087939854514e-53 +0.0000000000000000e+00
+8.6894337567297397e-01 +1.0000000000000000e+00 -7.1892049269297325e-53 +0.0000000000000000e+00

+8.7105662432702591e-01 +1.0000000000000000e+00 -1.1205821099765474e-53 +0.0000000000000000e+00
+8.7394337567297398e-01 +1.0000000000000000e+00 +1.0163180795963634e-53 +0.0000000000000000e+00

+8.7605662432702591e-01 +1.0000000000000000e+00 +3.2040002273883685e-54 +0.0000000000000000e+00
+8.7894337567297409e-01 +1.0000000000000000e+00 +3.3636505252136920e-54 +0.0000000000000000e+00

+8.8105662432702592e-01 +1.0000000000000000e+00 +5.2752921696630736e-55 +0.0000000000000000e+00
+8.8394337567297410e-01 +1.0000000000000000e+00 -4.6407981166029617e-55 +0.0000000000000000e+00

+8.8605662432702603e-01 +1.0000000000000000e+00 -1.4637200924064112e-55 +0.0000000000000000e+00
+8.8894337567297410e-01 +1.0000000000000000e+00 -1.5604611345849327e-55 +0.0000000000000000e+00

+8.9105662432702593e-01 +1.0000000000000000e+00 -2.4609728341701437e-56 +0.0000000000000000e+00
+8.9394337567297399e-01 +1.0000000000000000e+00 +2.1034973555567317e-56 +0.0000000000000000e+00

+8.9605662432702593e-01 +1.0000000000000000e+00 +6.6370181907475434e-57 +0.0000000000000000e+00
+8.9894337567297411e-01 +1.0000000000000000e+00 +7.1806302397380841e-57 +0.0000000000000000e+00

+9.0105662432702593e-01 +1.0000000000000000e+00 +1.1381771896054182e-57 +0.0000000000000000e+00
+9.0394337567297411e-01 +1.0000000000000000e+00 -9.4667722190658350e-58 +0.0000000000000000e+00

+9.0605662432702594e-01 +1.0000000000000000e+00 -2.9878909008006501e-58 +0.0000000000000000e+00
+9.0894337567297412e-01 +1.0000000000000000e+00 -3.2785754792590467e-58 +0.0000000000000000e+00

+9.1105662432702594e-01 +1.0000000000000000e+00 -5.2206766053650185e-59 +0.0000000000000000e+00
+9.1394337567297412e-01 +1.0000000000000000e+00 +4.2314550205810986e-59 +0.0000000000000000e+00

+9.1605662432702606e-01 +1.0000000000000000e+00 +1.3358356843073064e-59 +0.0000000000000000e+00
+9.1894337567297413e-01 +1.0000000000000000e+00 +1.4857893789649192e-59 +0.0000000000000000e+00

+9.2105662432702595e-01 +1.0000000000000000e+00 +2.3758337853606861e-60 +0.0000000000000000e+00
+9.2394337567297413e-01 +1.0000000000000000e+00 -1.8789529160136679e-60 +0.0000000000000000e+00

+9.2605662432702596e-01 +1.0000000000000000e+00 -5.9326792989359624e-61 +0.0000000000000000e+00
+9.2894337567297414e-01 +1.0000000000000000e+00 -6.6850840597922893e-61 +0.0000000000000000e+00

+9.3105662432702596e-01 +1.0000000000000000e+00 -1.0730621880842067e-61 +0.0000000000000000e+00
+9.3394337567297414e-01 +1.0000000000000000e+00 +8.2905778691491230e-62 +0.0000000000000000e+00

+9.3605662432702608e-01 +1.0000000000000000e+00 +2.6179710016465122e-62 +0.0000000000000000e+00
+9.3894337567297403e-01 +1.0000000000000000e+00 +2.9871329626756606e-62 +0.0000000000000000e+00

+9.4105662432702597e-01 +1.0000000000000000e+00 +4.8116100229518725e-63 +0.0000000000000000e+00
+9.4394337567297404e-01 +1.0000000000000000e+00 -3.6357592309114508e-63 +0.0000000000000000e+00

+9.4605662432702597e-01 +1.0000000000000000e+00 -1.1481421064953885e-63 +0.0000000000000000e+00
+9.4894337567297415e-01 +1.0000000000000000e+00 -1.3259092022287827e-63 +0.0000000000000000e+00

+9.5105662432702598e-01 +1.0000000000000000e+00 -2.1425977295164679e-64 +0.0000000000000000e+00
+9.5394337567297416e-01 +1.0000000000000000e+00 +1.5850399809527123e-64 +0.0000000000000000e+00

+9.5605662432702598e-01 +1.0000000000000000e+00 +5.0053977270528215e-65 +0.0000000000000000e+00
+9.5894337567297405e-01 +1.0000000000000000e+00 +5.8477876702238862e-65 +0.0000000000000000e+00

+9.6105662432702599e-01 +1.0000000000000000e+00 +9.4775328255600654e-66 +0.0000000000000000e+00
+9.6394337567297406e-01 +1.0000000000000000e+00 -6.8708204276418950e-66 +0.0000000000000000e+00

+9.6605662432702599e-01 +1.0000000000000000e+00 -2.1696211369723454e-66 +0.0000000000000000e+00
+9.6894337567297395e-01 +1.0000000000000000e+00 -2.5632387087795364e-66 +0.0000000000000000e+00

+9.7105662432702589e-01 +1.0000000000000000e+00 -4.1654952407193799e-67 +0.0000000000000000e+00
+9.7394337567297407e-01 +1.0000000000000000e+00 +2.9619938950232724e-67 +0.0000000000000000e+00

+9.7605662432702589e-01 +1.0000000000000000e+00 +9.3522715664342877e-68 +0.0000000000000000e+00
+9.7894337567297407e-01 +1.0000000000000000e+00 +1.1168676398435998e-67 +0.0000000000000000e+00

+9.8105662432702589e-01 +1.0000000000000000e+00 +1.8195336637467909e-68 +0.0000000000000000e+00
+9.8394337567297407e-01 +1.0000000000000000e+00 -1.2701252961455691e-68 +0.0000000000000000e+00

+9.8605662432702590e-01 +1.0000000000000000e+00 -4.0097691326638747e-69 +0.0000000000000000e+00
+9.8894337567297397e-01 +1.0000000000000000e+00 -4.8386030823924403e-69 +0.0000000000000000e+00

+9.9105662432702590e-01 +1.0000000000000000e+00 -7.9008058346995762e-70 +0.0000000000000000e+00
+9.9394337567297408e-01 +1.0000000000000000e+00 +5.4183421161072376e-70 +0.0000000000000000e+00

+9.9605662432702591e-01 +1.0000000000000000e+00 +1.7180182732688343e-70 +0.0000000000000000e+00
+9.9894337567297409e-01 +1.0000000000000000e+00 +2.0760234334652221e-70 +0.0000000000000000e+00


